0,190 0,191 0,192 0,193 0,194
1,110 1,111 1,112 1,113 1,114 1,115 1,116 1,117 1,118 1,119 1,120 1,121 1,122 1,123 1,124 1,125 1,126 1,127 1,128 1,129 1,130 1,131 1,132 1,133 1,134 1,135 1,136 1,137 1,138 1,139 1,140 1,141 1,142 1,143 1,144 1,145 1,146 1,147 1,148 1,149 1,150 1,151 1,152 1,153 1,154 1,155 1,156 1,157 1,158 1,159 1,160
1,164 1,165 1,166 1,167 1,168 1,169 1,170 1,171 1,172 1,173 1,174 1,175 1,176 1,177 1,178 1,179 1,180 1,181 1,182 1,183 1,184 1,185 1,186
1,190 1,191 1,192 1,193 1,194
2,92 2,93 2,94 2,95 2,96 2,97 2,98 2,99 2,100 2,101 2,102 2,103 2,104 2,105 2,106 2,107 2,108 2,109 2,110 2,111 2,112 2,113 2,114 2,115 2,116 2,117 2,118 2,119 2,120 2,121 2,122 2,123 2,124 2,125 2,126 2,127 2,128 2,129 2,130 2,131 2,132 2,133 2,134 2,135 2,136 2,137 2,138 2,139 2,140 2,141 2,142 2,143 2,144 2,145 2,146 2,147 2,148 2,149 2,150 2,151 2,152 2,153 2,154 2,155 2,156 2,157 2,158 2,159 2,160 2,161 2,162 2,163 2,164 2,165 2,166 2,167 2,168 2,169 2,170 2,171 2,172 2,173 2,174 2,175 2,176 2,177 2,178 2,179 2,180 2,181 2,182 2,183 2,184 2,185 2,186 2,187 2,188 2,189 2,190 2,191 2,192 2,193 2,194
3,89 3,90 3,91 3,92 3,93 3,94 3,95 3,96 3,97 3,98 3,99 3,100 3,101 3,102 3,103 3,104 3,105 3,106 3,107 3,108 3,109 3,110 3,111 3,112 3,113 3,114 3,115 3,116 3,117 3,118 3,119 3,120 3,121 3,122 3,123 3,124 3,125 3,126 3,127 3,128 3,129 3,130 3,131 3,132 3,133 3,134 3,135 3,136 3,137 3,138 3,139 3,140 3,141 3,142 3,143 3,144 3,145 3,146 3,147 3,148 3,149 3,150 3,151 3,152 3,153 3,154 3,155 3,156 3,157 3,158 3,159 3,160 3,161 3,162 3,163 3,164 3,165 3,166 3,167 3,168 3,169 3,170 3,171 3,172 3,173 3,174 3,175 3,176 3,177 3,178 3,179 3,180 3,181 3,183 3,184 3,185 3,186 3,187 3,188 3,189 3,190 3,191 3,192 3,193 3,194
4,69 4,70 4,71 4,72 4,73 4,74 4,75 4,76 4,77 4,78 4,79 4,80 4,81 4,82 4,83 4,84 4,85 4,86 4,87 4,88 4,89 4,90 4,91 4,92 4,93 4,94 4,95 4,96 4,97 4,98 4,99 4,100 4,101 4,102 4,103 4,104 4,105 4,106 4,107 4,108 4,109 4,110 4,111 4,112 4,113 4,114 4,115 4,116 4,117 4,118 4,119 4,120 4,121 4,122 4,123 4,124 4,125 4,126 4,127 4,128 4,129 4,130 4,131 4,132 4,133 4,134 4,135 4,136 4,137 4,138 4,139 4,140 4,141 4,142 4,143 4,144 4,145 4,146 4,147 4,148 4,150 4,151 4,152
4,156 4,157 4,158 4,159 4,160 4,161
4,177 4,180 4,181 4,182 4,184 4,185 4,186 4,187 4,188 4,189 4,190 4,191 4,192 4,193 4,194
5,51 5,52 5,53 5,54 5,55 5,56 5,57 5,58 5,59 5,60 5,61 5,62 5,63 5,64 5,65 5,66 5,67 5,68 5,69 5,70 5,71 5,72 5,73 5,74 5,75 5,76 5,77 5,78 5,79 5,80 5,81 5,82 5,83 5,84 5,85 5,86 5,87 5,88 5,89 5,90 5,91 5,92 5,93 5,94 5,95 5,97 5,98 5,99 5,100 5,101 5,102
5,180 5,181 5,182 5,183 5,184 5,185 5,186 5,187 5,188 5,189 5,190 5,191 5,192 5,193 5,194
6,41 6,42 6,43 6,44 6,45 6,46 6,47 6,48 6,49 6,50 6,51 6,52 6,53 6,54 6,55 6,56 6,57 6,58 6,59 6,60 6,61 6,62 6,63 6,64 6,65 6,66 6,67 6,68 6,69 6,70 6,71 6,72 6,73 6,74 6,75 6,76 6,77 6,78 6,79 6,80 6,81 6,82 6,83 6,84 6,85 6,86 6,87 6,88 6,89 6,90 6,91 6,92 6,93 6,94 6,95 6,98 6,99 6,100 6,101 6,102
6,108 6,109 6,110
6,179 6,180 6,181 6,183 6,184 6,185 6,186 6,187 6,188 6,189 6,190 6,191 6,192 6,193 6,194
7,36 7,37 7,38 7,39 7,40 7,41 7,42 7,43 7,44 7,45 7,46 7,47 7,48 7,49 7,50 7,51 7,52 7,53 7,54 7,55 7,56 7,57 7,58 7,59 7,60 7,61 7,62 7,63 7,64 7,65 7,66 7,67 7,68 7,69 7,70 7,71 7,72 7,73 7,74 7,75 7,76 7,77
7,84 7,85 7,86 7,87 7,88 7,89 7,90 7,91 7,92 7,93 7,94
7,98 7,99 7,100
7,152 7,153 7,154
7,178 7,179 7,180 7,181 7,183 7,184 7,185 7,186 7,187 7,188 7,189 7,190 7,191 7,192 7,193 7,194
8,32 8,33 8,34 8,35 8,36 8,37 8,38 8,39 8,40 8,41 8,42 8,43 8,44 8,45 8,46 8,47 8,48 8,49 8,50 8,51 8,52 8,53 8,54 8,55 8,56 8,57 8,58 8,59 8,60 8,61 8,62 8,63 8,64 8,65 8,66 8,67 8,68 8,71 8,72 8,74 8,75
8,83 8,84 8,85 8,86 8,87 8,88 8,89 8,90 8,91 8,92 8,93 8,94 8,97 8,99 8,100 8,101
8,110 8,111 8,113 8,114 8,115 8,118
8,178 8,179 8,180 8,181 8,183 8,184 8,185 8,186 8,187 8,188 8,189 8,190 8,191 8,192 8,193 8,194
9,32 9,33 9,34 9,35 9,36 9,37 9,38 9,39 9,40 9,41 9,42 9,43 9,44 9,45 9,46 9,47 9,48 9,49 9,50 9,51 9,52 9,53
9,57 9,58 9,59 9,61 9,62 9,63 9,64 9,65 9,66 9,67 9,68
9,83 9,84 9,85 9,86 9,87 9,88 9,89 9,90 9,91 9,92 9,93
9,175 9,178 9,180 9,182 9,183 9,184 9,185 9,186 9,187 9,188 9,189 9,190 9,191 9,192 9,193 9,194
10,29 10,30 10,31 10,32 10,33 10,34 10,35 10,36 10,37 10,38 10,39 10,40 10,41 10,42 10,43 10,44 10,45 10,46 10,47 10,48 10,49 10,50 10,51 10,52
10,57 10,59 10,60 10,62 10,63 10,64 10,65 10,66 10,67 10,68
10,83 10,84 10,85 10,86 10,87 10,88 10,89 10,90 10,91 10,92 10,93 10,94 10,95
10,179 10,180 10,181 10,183 10,184 10,185 10,186 10,187 10,188 10,189 10,190 10,191 10,192 10,193 10,194
11,24 11,25 11,26 11,27 11,28 11,29 11,30 11,31 11,32 11,33 11,34 11,35 11,36 11,37 11,38 11,39 11,40 11,41 11,43
11,62 11,63 11,64 11,65 11,66 11,67 11,68 11,69 11,70 11,71 11,72 11,73 11,74 11,75 11,76
11,83 11,84 11,85 11,86 11,87 11,88 11,89 11,90 11,91 11,92 11,93 11,94 11,96 11,97 11,98 11,99 11,101 11,102
11,117 11,118 11,119
11,180 11,181 11,183 11,184 11,185 11,186 11,187 11,188 11,189 11,190 11,191 11,192 11,193 11,194
12,21 12,22 12,23 12,24 12,25 12,26 12,27 12,28 12,29 12,30 12,31 12,32 12,33 12,34 12,35 12,36 12,37 12,38
12,61 12,62 12,63 12,64 12,65 12,66 12,67 12,70 12,71 12,72 12,73 12,74
12,82 12,83 12,84 12,85 12,86 12,87 12,88 12,89 12,90 12,91 12,92 12,93 12,94 12,95 12,96 12,97 12,98 12,99 12,100 12,101 12,102 12,103 12,104 12,105 12,106 12,107 12,108 12,109 12,110 12,111 12,112 12,113 12,114 12,115 12,116 12,117 12,118 12,119 12,120 12,121 12,122 12,123 12,124 12,125 12,126 12,127 12,128 12,129 12,130 12,131 12,132 12,133 12,134 12,135 12,136 12,137 12,138 12,139 12,140 12,141 12,142 12,143 12,144 12,145 12,146 12,147 12,148 12,149 12,150 12,151 12,152 12,153 12,154 12,155 12,156 12,157 12,158 12,159 12,160 12,161 12,162 12,163 12,164 12,165 12,166 12,167 12,168 12,169 12,170 12,171 12,172 12,173 12,174 12,175 12,176 12,177 12,178 12,179 12,180 12,181 12,183 12,184 12,185 12,186 12,187 12,188 12,189 12,190 12,191 12,192 12,193 12,194
13,18 13,19 13,20 13,21 13,22 13,23 13,24 13,25 13,26 13,27 13,28
13,33 13,34 13,35 13,36 13,37 13,38 13,39 13,40 13,41 13,42 13,43 13,44 13,45 13,46 13,47 13,48 13,49 13,50 13,51 13,52 13,53 13,54 13,55 13,56 13,57 13,58 13,59 13,60 13,61 13,62 13,63 13,64 13,65 13,66 13,67 13,68 13,69 13,70 13,71 13,72 13,73 13,74 13,75 13,76 13,77 13,78 13,79 13,80 13,81 13,82 13,83 13,84 13,85 13,86 13,87 13,88 13,89 13,90 13,91 13,92 13,93 13,94 13,95 13,96 13,97 13,98 13,99 13,100 13,101 13,102 13,103 13,104 13,105 13,106 13,107 13,108 13,109 13,110 13,111 13,112 13,113 13,114 13,115 13,116 13,117 13,118 13,119 13,120 13,121 13,122 13,123 13,124 13,125 13,126 13,127 13,128 13,129 13,130 13,131 13,132 13,133 13,134 13,135 13,136 13,137 13,138 13,139 13,140 13,141 13,142 13,143 13,144 13,145 13,146 13,147 13,148 13,149 13,150 13,151 13,152 13,153 13,154 13,155 13,156 13,157 13,158 13,159 13,160 13,161 13,162 13,163 13,164 13,165 13,166 13,167 13,168 13,169 13,170 13,171 13,172 13,173 13,174 13,175 13,176 13,177 13,178 13,179 13,180 13,181 13,182 13,183 13,184 13,185 13,186 13,187 13,188 13,189 13,190 13,191 13,192 13,193 13,194
14,15 14,16 14,17 14,18 14,19 14,20 14,21 14,22 14,23 14,24 14,25 14,26 14,27 14,28 14,29 14,30 14,31 14,32 14,33 14,34 14,35 14,36 14,37 14,38 14,39 14,40 14,41 14,42 14,43 14,44 14,45 14,46 14,47 14,48 14,49 14,50 14,51 14,52 14,53 14,54 14,55 14,56 14,57 14,58 14,59 14,60 14,61 14,62 14,63 14,64 14,65 14,66 14,67 14,68 14,69 14,70 14,71 14,72 14,73 14,74 14,75 14,76 14,77 14,78 14,79 14,80 14,81 14,82 14,83 14,84 14,85 14,86 14,87 14,88 14,89 14,90 14,91 14,92 14,93 14,94 14,95 14,96 14,97 14,98 14,99 14,100 14,101 14,102 14,103 14,104 14,105 14,106 14,107 14,108 14,109 14,110 14,111 14,112 14,113 14,114 14,115 14,116 14,117 14,118 14,119 14,120 14,121 14,122 14,123 14,124 14,125 14,126 14,127 14,128 14,129 14,130 14,131 14,132 14,133 14,134 14,135 14,136 14,137 14,138 14,139 14,140 14,141 14,142 14,143 14,144 14,145 14,146 14,147 14,148 14,149 14,150 14,151 14,152 14,153 14,154 14,155 14,156 14,157 14,158 14,159 14,160 14,161 14,162 14,163 14,164 14,165 14,166 14,167 14,168 14,169 14,170 14,171 14,172 14,173 14,174 14,175 14,176 14,177 14,178 14,179 14,180 14,181 14,182 14,183 14,184 14,185 14,186 14,187 14,188 14,189 14,190 14,191 14,192 14,193 14,194
15,13 15,14 15,15 15,16 15,17 15,18 15,19 15,20 15,21 15,22 15,23 15,24 15,25 15,26 15,27 15,28 15,29 15,30 15,31 15,32 15,33 15,34 15,35 15,36 15,37 15,38 15,39 15,40 15,41 15,42 15,43 15,44 15,45 15,46 15,47 15,48 15,49 15,50 15,51 15,52 15,53 15,54 15,55 15,56 15,57 15,58 15,59 15,60 15,61 15,62 15,63 15,64 15,65 15,66 15,67 15,68 15,69 15,70 15,71 15,72 15,73 15,74 15,75 15,76 15,77 15,78 15,79 15,80 15,81 15,82 15,83 15,84 15,85 15,86 15,87 15,88 15,89 15,90 15,91 15,92 15,93 15,94 15,95 15,96 15,97 15,98 15,99 15,100 15,101 15,102 15,103 15,104 15,105 15,106 15,107 15,108 15,109 15,110 15,111 15,112 15,113 15,114 15,115 15,116 15,117 15,118 15,119 15,120 15,122 15,124 15,125 15,127 15,128 15,131 15,132 15,135
15,140 15,141 15,143 15,144 15,145 15,146 15,147 15,148 15,149 15,150 15,151 15,152 15,153 15,154 15,155 15,156 15,157 15,158 15,159 15,160 15,161 15,162 15,163 15,164 15,165 15,166 15,167 15,168 15,169 15,170 15,171 15,172 15,173 15,174 15,175 15,176 15,177 15,178 15,179 15,180 15,181 15,182 15,183 15,184 15,185 15,186 15,187 15,188 15,189 15,190 15,191 15,192 15,193 15,194
16,13 16,14 16,15 16,16 16,17 16,18 16,19 16,20 16,21 16,22 16,23 16,24 16,25 16,26 16,27 16,28 16,29 16,30 16,31 16,32 16,33 16,34 16,35 16,36 16,37 16,38 16,39 16,40 16,41 16,42 16,43 16,44 16,45 16,46 16,47 16,48 16,49 16,50 16,51 16,52 16,53 16,54 16,55 16,56 16,58 16,59 16,60 16,61 16,62 16,63 16,64 16,65 16,66 16,67 16,68 16,69 16,70 16,71 16,72 16,73 16,74 16,75 16,76 16,77 16,78 16,79 16,81 16,83 16,84 16,85 16,86 16,87 16,88 16,89 16,90 16,91 16,92 16,93 16,94 16,95 16,96 16,97 16,98 16,99 16,100 16,101 16,102
16,111 16,112 16,113 16,114 16,117 16,118
16,122 16,124 16,125 16,126 16,127
16,169 16,170 16,171 16,172 16,173 16,174 16,175 16,178 16,179 16,180 16,181 16,182 16,183 16,184 16,185 16,186 16,187 16,188 16,189 16,190 16,191 16,192 16,193 16,194
17,13 17,14 17,15 17,16 17,17 17,18 17,19 17,20 17,21 17,22 17,23 17,24 17,25 17,26 17,27 17,28 17,29 17,30 17,31 17,32 17,33 17,34 17,35 17,36 17,37 17,38 17,39 17,40 17,41 17,42 17,43 17,44 17,45 17,46 17,47 17,48 17,49 17,50 17,51 17,52 17,53 17,54 17,55 17,56 17,59 17,60 17,61 17,62 17,63 17,64 17,65 17,66 17,67 17,68 17,69 17,70 17,72
17,84 17,85 17,86 17,87 17,90 17,91 17,92 17,93
17,169 17,170 17,171 17,172 17,173 17,174 17,175 17,178 17,179 17,180 17,181 17,182 17,183 17,184 17,185 17,186 17,187 17,188 17,189 17,190 17,191 17,192 17,193 17,194
18,10 18,11 18,12 18,13 18,14 18,15 18,16 18,17 18,18 18,19 18,20 18,21 18,22 18,23 18,24 18,25 18,26 18,27 18,28 18,29 18,30 18,31 18,32 18,33 18,34 18,35 18,36 18,37 18,38 18,39 18,40 18,41 18,42 18,43 18,44 18,45 18,46 18,48 18,50 18,51 18,52 18,53 18,54 18,56 18,59 18,60 18,61 18,62 18,63 18,64 18,65 18,66 18,67 18,68 18,69 18,70
18,84 18,85 18,86
18,90 18,91 18,92 18,93
18,179 18,180 18,181 18,182 18,184 18,185 18,186 18,187 18,188 18,189 18,190 18,191 18,192 18,193 18,194
19,10 19,11 19,12 19,13 19,14 19,15 19,16 19,17 19,18 19,19 19,20 19,21 19,22 19,23 19,24 19,25 19,26 19,27 19,28 19,29 19,30 19,31 19,32 19,33 19,34 19,35 19,36 19,37 19,38 19,39 19,40 19,41 19,42 19,43 19,44 19,45 19,46 19,47 19,48 19,49 19,50 19,51 19,52 19,53 19,54 19,55 19,56 19,57 19,58 19,59 19,60 19,61 19,62 19,63 19,64 19,65 19,66 19,67 19,68 19,69 19,70 19,71 19,72 19,73 19,74 19,75 19,76
19,82 19,83 19,84 19,85 19,86
19,90 19,91 19,92 19,93 19,94 19,95 19,96 19,97 19,98 19,100 19,101 19,102 19,103
19,152 19,153 19,154 19,155 19,156 19,157 19,158 19,159 19,160 19,161 19,162 19,163 19,164 19,165 19,166 19,167 19,168 19,169 19,170 19,171
19,178 19,179 19,180 19,181 19,182 19,183 19,184 19,185 19,186 19,187 19,188 19,189 19,190 19,191 19,192 19,193 19,194
20,10 20,11 20,12 20,13 20,14 20,15 20,16 20,17 20,18 20,19 20,20 20,21 20,22 20,23 20,24 20,25 20,26 20,27 20,28 20,29 20,30 20,31 20,32 20,33 20,34 20,35 20,36 20,37 20,38 20,39 20,40 20,41 20,42 20,43 20,44 20,45 20,46 20,47 20,48 20,49 20,50 20,51 20,52 20,53 20,54 20,55 20,56 20,57 20,58 20,59 20,60 20,61 20,62 20,63 20,64 20,65 20,66 20,67 20,68 20,69 20,70 20,71 20,72 20,73 20,74 20,75 20,76 20,77 20,78 20,79 20,80 20,81 20,82 20,83 20,84 20,85 20,86
20,90 20,91 20,92 20,93 20,96 20,97 20,98 20,100 20,101
20,110 20,111 20,112 20,113 20,114 20,115 20,116 20,117 20,118
20,169 20,170 20,171 20,172 20,173 20,174 20,177 20,178
20,183 20,184 20,185 20,186 20,187 20,188 20,189 20,190 20,191 20,192 20,193 20,194
21,10 21,11 21,12 21,13 21,14 21,15 21,16 21,17 21,18 21,19 21,20 21,21 21,22 21,23 21,24 21,25 21,26 21,27 21,28 21,29 21,30 21,31 21,32 21,33 21,34 21,35 21,36 21,37 21,38 21,39 21,40 21,41 21,42 21,43 21,44 21,45 21,46 21,47 21,48 21,49 21,50 21,51 21,52 21,53 21,54 21,55 21,56 21,57 21,58 21,59 21,60 21,61 21,62 21,63 21,64 21,65 21,66 21,67 21,68 21,69 21,70 21,71 21,72 21,73 21,74 21,75 21,76 21,77 21,78 21,79 21,80 21,81 21,82 21,83 21,84 21,85 21,86
21,90 21,91 21,92 21,93
21,97 21,99 21,100 21,101
21,175 21,177 21,178 21,180 21,183 21,184 21,185 21,186 21,187 21,188 21,189 21,190 21,191 21,192 21,193 21,194
22,11 22,12 22,13 22,14 22,15 22,16 22,17 22,18 22,19 22,20 22,21 22,22 22,23 22,24 22,25 22,26 22,27 22,28 22,29 22,30 22,31 22,32 22,33 22,34 22,35 22,36 22,37 22,38 22,39 22,40 22,41 22,42 22,43 22,44 22,45 22,46 22,47 22,48 22,49 22,50 22,51 22,52 22,53 22,54 22,55 22,56 22,57 22,58 22,59 22,60 22,61 22,62 22,63 22,64 22,65 22,66 22,67 22,68 22,69 22,70 22,71 22,72 22,73 22,74 22,75 22,76 22,77 22,78 22,81 22,82 22,83 22,84 22,85 22,86
22,90 22,91 22,92 22,93 22,95 22,96 22,97 22,98 22,99 22,100 22,101 22,102 22,105 22,106
22,124 22,125 22,126 22,129 22,130 22,131
22,144 22,145 22,146 22,147 22,148 22,149 22,150 22,151 22,152
22,157 22,158 22,159 22,160 22,161 22,162 22,163 22,164 22,165
22,169 22,172 22,173 22,174 22,177 22,178 22,179 22,180 22,181 22,183 22,184 22,185 22,186 22,187 22,188 22,189 22,190 22,191 22,192 22,193 22,194
23,13 23,14 23,15 23,16 23,17 23,18 23,19 23,20 23,21 23,22 23,23 23,24 23,25 23,26 23,27 23,28 23,29 23,30 23,31 23,33 23,34 23,35 23,36 23,37 23,38 23,39 23,40 23,41 23,42 23,43 23,44 23,45 23,46 23,47 23,48 23,49 23,50 23,51 23,52 23,53 23,54 23,55 23,56 23,57 23,58 23,59 23,60 23,61 23,62 23,63 23,64 23,65 23,66 23,67 23,68 23,69 23,70 23,71 23,72 23,73 23,74 23,75 23,76 23,77 23,78 23,79 23,80 23,81 23,82 23,83 23,84 23,85 23,86
23,90 23,91 23,92 23,93 23,96 23,97 23,98 23,101 23,102 23,103 23,104 23,105 23,106 23,107 23,108 23,109 23,110 23,111 23,112 23,113 23,114 23,115 23,116 23,117 23,118 23,119 23,120 23,121 23,122 23,123 23,124 23,125 23,126 23,127
23,131 23,132 23,133 23,134 23,135 23,136 23,137 23,138 23,139 23,140 23,141 23,142 23,143 23,144 23,145 23,146 23,147 23,148 23,149 23,150 23,151 23,152 23,153 23,154 23,155 23,156 23,157 23,158 23,159 23,160 23,161 23,162 23,163 23,164 23,165 23,166 23,167 23,168 23,169 23,171 23,172 23,173 23,174
23,178 23,179 23,180 23,181 23,183 23,184 23,185 23,186 23,187 23,188 23,189 23,190 23,191 23,192 23,193 23,194
24,15 24,16 24,17 24,18 24,19 24,20 24,21 24,22 24,23 24,24
24,59 24,60 24,61 24,62 24,63 24,64 24,65 24,66 24,67 24,68 24,69 24,70 24,71 24,72 24,73 24,74 24,75 24,76 24,77 24,78 24,79 24,80 24,81 24,82 24,83 24,84 24,85 24,86 24,87 24,89 24,90 24,91 24,92 24,93 24,95 24,96
24,169 24,170 24,171 24,172
24,178 24,179 24,180 24,181 24,182 24,183 24,184 24,185 24,186 24,187 24,188 24,189 24,190 24,191 24,192 24,193 24,194
25,18 25,19 25,20 25,21 25,22 25,23 25,24 25,25 25,26 25,27 25,28 25,29 25,30
25,34 25,35 25,36 25,37 25,38 25,39
25,60 25,61 25,62 25,63 25,64 25,65 25,66 25,67 25,68 25,69 25,70 25,71 25,72 25,73 25,74 25,75 25,76 25,77 25,78 25,79 25,80 25,81 25,82 25,83 25,84 25,85 25,86 25,87 25,88 25,89 25,90 25,91 25,92 25,93 25,95 25,96 25,97 25,98 25,99 25,100 25,101 25,102 25,103 25,104 25,105 25,106 25,107 25,108 25,109 25,110 25,111 25,112 25,113 25,114 25,115 25,116 25,117 25,118 25,119 25,120 25,121 25,122 25,123 25,124 25,125 25,126 25,127 25,128 25,129 25,130 25,131 25,132 25,133 25,134 25,135 25,136 25,137 25,138 25,139 25,140 25,141 25,142 25,143 25,144 25,145 25,146 25,147 25,148 25,149 25,151 25,152 25,153 25,154
25,167 25,168 25,169 25,171 25,172 25,173 25,174 25,176 25,177 25,178 25,179 25,180 25,181 25,182 25,183 25,184 25,185 25,186 25,187 25,188 25,189 25,190 25,191 25,192 25,193 25,194
26,21 26,22 26,23 26,24 26,25 26,26 26,27 26,28 26,29 26,30 26,31 26,32 26,33
26,59 26,60 26,61 26,62 26,63 26,64 26,65 26,66 26,67 26,68 26,69 26,70 26,71 26,72 26,73 26,74 26,75 26,76 26,77 26,78 26,79 26,80 26,81 26,82 26,83 26,84 26,85 26,86 26,88 26,89 26,90 26,91 26,92 26,93 26,95
26,169 26,170 26,171 26,173 26,174 26,175 26,176 26,177 26,178 26,179 26,180 26,181 26,182 26,183 26,184 26,186 26,187 26,188 26,189 26,190 26,191 26,192 26,193 26,194
27,24 27,25 27,26 27,27 27,28 27,29 27,30 27,31 27,32 27,33 27,34 27,35 27,36
27,59 27,60 27,61 27,62 27,63 27,65 27,66 27,67 27,68 27,69 27,70
27,84 27,85 27,86
27,90 27,91 27,92 27,93 27,94 27,95 27,96 27,97 27,98 27,99 27,100 27,101 27,102 27,103 27,104 27,105 27,106 27,107 27,108 27,109 27,110 27,111 27,112 27,113 27,114 27,115 27,116 27,117 27,118 27,119 27,120 27,121 27,122 27,123 27,124 27,125 27,126 27,127 27,128 27,129 27,130 27,131 27,132 27,133 27,134 27,135 27,136 27,137 27,138 27,139 27,140 27,141 27,142 27,143 27,144 27,146
27,150 27,152 27,153
27,160 27,161 27,162
27,168 27,169 27,170 27,173 27,174 27,175 27,177 27,178 27,179 27,180 27,181 27,182 27,183 27,184 27,186 27,187 27,188 27,189 27,190 27,191 27,192 27,193 27,194
28,30 28,31 28,32 28,33 28,34 28,35 28,36 28,37 28,38 28,39 28,40 28,41 28,42 28,43 28,44 28,45 28,46 28,47 28,48 28,50 28,51 28,53 28,54 28,56 28,57 28,59 28,60 28,61 28,62 28,63 28,64 28,65 28,66 28,67 28,68 28,69 28,70 28,71 28,74 28,75 28,76
28,84 28,85 28,86 28,87 28,88 28,89 28,90 28,91 28,92 28,93 28,94 28,95 28,96 28,97 28,98 28,99 28,100 28,101 28,102 28,103 28,104 28,105 28,106 28,107 28,108 28,109 28,110 28,111 28,112 28,113 28,114 28,115 28,116 28,117 28,118 28,119 28,120 28,121 28,122 28,123 28,124 28,125 28,126 28,127 28,128 28,129 28,130 28,131 28,132 28,133 28,134 28,135 28,136 28,137 28,138 28,139 28,140 28,141 28,142 28,143 28,144
28,160 28,161 28,162
28,168 28,169 28,170 28,171 28,174 28,175 28,177 28,178 28,179 28,180 28,181 28,182 28,183 28,184 28,185 28,186 28,187 28,188 28,189 28,190 28,191 28,192 28,193 28,194
29,34 29,35 29,36 29,37 29,38 29,39 29,40 29,41 29,42 29,43 29,44 29,45 29,46 29,47 29,48 29,49 29,50 29,51 29,52 29,53 29,54 29,55 29,56 29,57 29,58 29,59 29,60 29,61 29,62 29,63 29,64 29,65 29,66 29,67 29,68 29,69 29,70 29,71 29,72 29,73 29,74 29,75 29,76 29,77 29,78 29,79 29,80 29,81 29,84 29,85 29,86 29,87 29,88 29,89 29,90 29,91 29,92 29,93 29,94
29,171 29,174 29,176 29,177 29,178 29,179 29,180 29,181 29,184 29,185 29,186 29,187 29,188 29,189 29,190 29,191 29,192 29,193 29,194
30,37 30,38 30,39 30,40 30,41 30,42 30,43 30,44 30,45 30,46 30,47 30,48 30,49 30,50 30,51 30,52 30,53 30,54 30,55 30,56 30,57 30,58 30,59 30,60 30,61 30,62 30,63 30,64 30,65 30,66 30,67 30,68 30,69 30,70 30,71 30,72 30,73 30,74 30,75 30,76 30,77 30,78 30,79 30,80 30,81 30,82 30,83 30,84 30,85 30,86 30,87 30,88 30,89 30,90 30,91 30,92 30,93 30,94 30,95
30,170 30,171 30,172 30,173 30,174 30,175 30,176 30,177 30,178 30,179 30,180 30,181 30,182 30,184 30,185 30,186 30,187 30,188 30,189 30,190 30,191 30,192 30,193 30,194
31,68 31,69 31,70 31,71 31,72 31,73 31,74 31,75 31,76 31,77 31,78 31,79 31,80 31,81 31,82 31,83 31,84 31,85 31,86 31,87 31,88 31,89 31,90 31,91 31,92 31,93 31,94 31,95 31,96 31,98 31,99 31,100
31,168 31,169 31,170 31,171 31,172 31,173 31,174 31,175 31,176 31,177
31,185 31,186 31,187 31,188 31,189 31,190 31,191 31,192 31,193 31,194
32,70 32,71 32,72 32,73 32,74 32,75 32,76 32,77 32,78 32,79 32,80 32,81 32,82 32,83 32,84 32,85 32,86 32,87 32,88 32,89 32,90 32,91 32,92 32,93 32,94 32,95 32,96 32,97 32,98 32,99 32,100 32,101 32,102 32,103 32,104 32,105 32,106 32,107 32,108 32,109 32,110 32,111 32,112 32,113 32,114 32,115 32,116 32,117 32,118 32,119 32,120 32,121 32,122 32,123 32,124 32,125 32,126 32,127 32,128 32,129 32,130 32,131 32,132 32,133 32,134 32,135 32,136 32,137 32,138 32,139 32,140 32,141 32,142 32,143
32,167 32,168 32,169 32,170 32,171 32,172 32,173 32,174 32,175 32,176 32,177
32,185 32,186 32,187 32,188 32,189 32,190 32,191 32,192 32,193 32,194
33,89 33,90 33,91 33,92 33,93 33,94 33,95 33,96 33,97 33,98 33,99 33,100 33,101 33,102 33,103 33,104 33,105 33,106 33,107 33,108 33,109 33,110 33,111 33,112 33,113 33,114 33,115 33,116 33,117 33,118 33,119 33,120 33,121 33,122 33,123 33,124 33,125 33,126 33,127 33,128 33,129 33,130 33,131 33,132 33,133 33,134 33,135 33,136 33,137 33,138 33,139 33,140 33,141 33,142 33,143 33,144 33,145 33,146 33,147 33,148 33,149 33,150 33,151 33,152 33,153 33,154 33,155 33,156 33,157 33,158 33,159 33,160 33,161 33,162 33,163 33,164 33,165 33,166 33,167 33,168 33,169 33,170 33,171 33,172 33,173 33,174 33,176 33,177 33,178 33,179 33,180 33,181 33,182 33,183 33,184 33,185 33,186 33,187 33,188 33,189 33,190 33,191 33,192 33,193 33,194
34,90 34,91 34,92 34,93 34,94 34,95 34,96 34,97 34,98 34,99 34,100 34,101 34,102 34,103 34,104 34,105 34,106 34,107 34,108 34,109 34,110 34,111 34,112 34,113 34,114 34,115 34,116 34,117 34,118 34,119 34,120 34,121 34,122 34,123 34,124 34,125 34,126 34,127 34,128 34,129 34,130 34,131 34,132 34,133 34,134 34,135 34,136 34,137 34,138 34,139 34,140 34,141 34,142 34,143 34,144 34,145 34,146 34,147 34,148 34,149 34,150 34,151 34,152 34,153 34,154 34,155 34,156 34,157 34,158 34,159 34,160 34,161 34,162 34,163 34,164 34,165 34,166 34,167 34,168 34,169 34,170 34,171 34,172 34,173 34,174 34,175 34,176 34,177 34,178 34,179 34,180 34,181 34,182 34,183 34,184 34,185 34,186 34,187 34,188 34,189 34,190 34,191 34,192 34,193 34,194
35,112 35,113 35,114 35,115 35,116 35,117 35,118 35,119 35,120 35,121 35,122 35,123 35,124 35,125 35,126 35,127 35,128 35,129 35,130 35,131 35,132 35,133 35,134 35,135 35,136 35,137 35,138 35,139 35,140 35,141 35,142 35,143 35,144 35,145 35,146 35,147 35,148 35,149 35,150 35,151 35,152 35,153 35,154 35,155 35,156 35,157 35,158 35,159 35,160 35,161 35,162 35,163 35,164 35,165 35,166 35,167 35,168 35,169 35,170 35,171 35,172 35,173 35,174 35,175 35,176 35,177 35,178 35,179 35,180 35,181 35,182 35,183 35,184 35,185 35,186 35,187 35,189 35,190 35,191 35,192 35,193 35,194
36,152 36,153 36,154 36,155 36,156 36,157 36,158 36,159 36,160 36,161 36,162 36,163 36,164 36,165 36,166 36,167 36,168 36,169 36,170 36,171 36,172 36,173 36,174 36,175 36,176 36,177 36,178 36,179 36,180 36,181 36,182 36,183 36,184 36,185 36,186
36,190 36,191 36,192 36,193 36,194
37,152 37,153 37,154 37,155 37,156 37,157 37,158 37,159 37,160 37,161 37,162 37,163 37,164 37,165 37,166 37,167 37,168 37,169 37,170 37,171 37,172 37,173 37,174 37,175 37,176 37,177 37,178 37,179 37,180 37,181 37,182 37,183 37,184 37,185
37,190 37,191 37,192 37,193 37,194
38,141 38,142 38,143 38,144 38,145 38,146 38,147 38,148 38,149 38,150 38,151 38,152 38,153 38,154 38,155 38,156 38,157 38,158 38,159 38,160 38,161 38,162 38,163 38,164 38,165 38,166 38,167 38,168 38,169 38,170 38,171 38,172 38,173 38,174 38,175 38,178 38,179 38,180 38,181 38,182 38,183 38,184 38,185 38,186
38,190 38,191 38,192 38,193 38,194
39,95 39,96 39,97 39,98 39,99 39,100 39,101 39,102 39,103 39,104 39,105 39,106 39,107 39,108 39,109 39,110 39,111 39,112 39,113 39,114 39,115 39,116 39,117 39,118 39,119 39,120 39,121 39,122 39,123 39,124 39,125 39,126 39,127 39,128 39,129 39,130 39,131 39,132 39,133 39,134 39,135 39,136 39,137 39,138 39,139 39,140 39,141 39,142 39,143 39,144 39,145 39,146 39,147 39,148 39,149 39,150 39,151 39,152 39,153 39,154 39,155 39,156 39,157 39,158 39,159 39,160 39,161 39,162 39,163 39,164 39,165 39,166 39,167 39,168 39,169 39,170 39,171 39,172 39,173 39,174 39,175 39,176 39,177 39,178 39,179 39,180 39,181 39,182 39,183 39,184 39,185 39,186 39,187 39,190 39,191 39,192 39,193 39,194
40,90 40,91 40,92 40,93 40,94 40,95 40,96 40,97 40,98 40,99 40,100 40,101 40,102 40,103 40,104 40,105 40,106 40,107 40,108 40,109 40,110 40,111 40,112 40,113 40,114 40,115 40,116 40,117 40,118 40,119 40,120 40,121 40,122 40,123 40,124 40,125 40,126 40,127 40,128 40,129 40,130 40,131 40,132 40,133 40,134 40,135 40,136 40,137 40,138 40,139 40,140 40,141 40,142 40,143 40,144 40,145 40,146 40,147 40,148 40,149 40,150 40,151 40,152 40,153 40,154 40,155 40,156 40,157 40,158 40,159 40,160 40,161 40,162 40,163 40,164 40,165 40,166 40,167 40,168 40,169 40,170 40,171 40,172 40,173 40,174 40,175 40,176 40,177 40,178 40,179 40,180 40,181 40,182 40,183 40,184 40,185 40,186 40,187 40,188 40,189 40,190 40,191 40,192 40,193 40,194
41,85 41,86 41,87 41,88 41,89 41,90 41,91 41,92 41,93 41,94 41,95 41,96 41,97 41,98 41,99 41,100 41,101 41,102 41,103 41,104 41,105 41,106 41,107 41,108 41,109 41,110 41,111 41,112 41,113 41,114 41,115 41,116 41,117 41,118 41,119 41,120 41,121 41,122 41,123 41,124 41,125 41,126 41,127 41,128 41,129 41,130 41,131 41,132 41,133 41,134 41,135 41,136 41,137 41,138 41,139 41,140 41,141 41,142 41,143 41,144 41,145 41,146 41,147 41,148 41,149 41,150 41,151 41,152 41,153 41,154 41,155 41,156 41,157 41,158 41,159
41,172 41,174 41,175 41,176 41,177 41,178 41,179 41,180 41,182 41,183 41,184 41,185 41,186 41,187 41,188 41,189 41,190 41,191 41,192 41,193 41,194
42,68 42,69 42,70 42,71 42,72 42,73 42,74 42,75 42,76 42,77 42,78 42,79 42,80 42,81 42,82 42,83 42,84 42,85 42,86 42,87 42,88 42,89 42,90 42,91 42,92 42,93 42,94 42,95
42,100 42,101 42,102 42,103 42,104 42,105 42,106 42,107 42,108 42,109 42,110 42,111 42,112 42,113 42,114 42,115 42,116 42,117
42,135 42,137 42,139
42,160 42,161 42,164 42,165 42,166 42,167 42,168
42,184 42,185 42,186 42,187 42,188 42,189 42,190 42,191 42,192 42,193 42,194
43,46 43,47 43,48 43,49 43,50 43,51 43,52 43,53 43,54 43,55 43,56 43,57 43,58 43,59 43,60 43,61 43,62 43,63 43,64 43,65 43,66 43,67 43,68 43,69 43,70 43,71 43,72 43,73 43,74 43,75 43,76 43,77 43,78 43,79 43,80 43,81 43,82 43,83 43,84 43,85 43,86 43,87 43,88 43,89 43,90 43,91 43,92 43,93 43,94 43,95
43,184 43,185 43,186 43,187 43,188 43,189 43,190 43,191 43,192 43,193 43,194
44,39 44,40 44,41 44,42 44,43 44,44 44,45 44,46 44,47 44,48 44,49 44,50 44,51 44,52 44,53 44,54 44,55 44,56 44,57 44,58 44,59 44,60 44,61 44,62 44,63 44,64 44,65 44,66 44,67 44,68 44,69 44,70 44,71 44,72 44,73 44,74 44,75 44,76 44,77 44,78 44,79 44,80 44,81 44,82 44,83 44,84 44,85 44,86 44,87 44,88 44,89 44,90 44,91 44,92 44,93 44,94 44,95
44,180 44,181 44,183 44,184 44,185 44,186 44,187 44,188 44,189 44,190 44,191 44,192 44,193 44,194
45,39 45,40 45,41 45,42 45,43 45,44 45,45 45,46 45,47 45,48 45,49 45,50 45,51 45,52 45,53 45,54 45,55 45,56 45,57 45,58 45,59 45,60 45,61 45,62 45,63 45,64 45,65 45,66 45,67 45,68 45,69 45,70 45,71 45,72 45,73 45,74 45,75 45,76 45,77 45,78 45,79 45,80 45,83 45,84 45,85 45,86 45,87 45,88 45,90 45,91 45,92 45,93 45,94
45,180 45,183 45,184 45,185 45,186 45,187 45,188 45,189 45,190 45,191 45,192 45,193 45,194
46,34 46,35 46,36 46,37 46,38 46,39 46,40 46,41 46,42 46,43 46,44 46,45 46,46 46,47 46,48 46,49 46,50 46,51 46,52 46,53 46,54 46,55 46,56 46,57 46,58 46,59 46,60 46,61 46,62 46,63 46,64 46,65 46,66 46,67 46,68 46,69 46,70 46,71 46,72 46,73 46,74 46,75 46,76 46,77 46,78 46,79 46,80 46,82 46,83 46,84 46,85 46,86 46,87 46,88 46,89 46,90 46,91 46,92 46,93 46,95 46,97 46,98 46,101
46,154 46,157 46,158 46,159 46,160
46,178 46,180 46,181 46,183 46,184 46,185 46,186 46,187 46,188 46,189 46,190 46,191 46,192 46,193 46,194
47,31 47,32 47,33 47,34 47,35 47,36 47,37 47,38 47,39 47,40 47,41 47,42 47,43 47,44 47,45 47,46 47,47 47,48 47,49 47,50 47,51 47,52 47,53 47,54 47,55 47,56 47,57 47,58 47,59 47,60 47,61 47,62 47,63 47,64 47,65 47,66 47,67 47,68 47,69 47,70 47,71 47,74 47,75 47,76 47,77
47,82 47,83 47,84 47,85 47,86 47,87 47,89 47,90 47,91 47,92 47,93 47,94 47,95 47,96 47,97 47,99
47,180 47,183 47,184 47,185 47,186 47,187 47,188 47,189 47,190 47,191 47,192 47,193 47,194
48,26 48,27 48,28 48,29 48,30 48,31 48,32 48,33 48,34 48,35 48,36 48,37 48,38 48,39 48,40 48,41 48,42 48,43 48,44 48,45 48,46 48,47 48,48 48,49 48,50 48,53 48,54 48,55 48,56 48,57 48,58 48,59 48,60 48,61 48,62 48,63 48,64 48,65 48,66 48,67 48,68 48,69 48,70 48,71 48,72 48,73 48,74 48,75 48,76 48,77 48,78
48,82 48,83 48,84 48,85 48,86 48,87 48,88 48,89 48,90 48,91 48,92 48,93 48,94 48,95 48,96 48,99 48,100
48,160 48,161 48,163 48,164 48,165 48,166 48,167 48,168 48,171 48,172
48,176 48,177 48,178 48,179 48,180 48,181 48,183 48,184 48,185 48,186 48,187 48,188 48,189 48,190 48,191 48,192 48,193 48,194
49,22 49,23 49,24 49,25 49,26 49,27 49,28 49,29 49,30 49,31 49,32 49,33 49,34 49,35 49,38 49,41 49,42 49,43 49,44 49,46 49,48 49,49 49,50 49,51
49,59 49,60 49,61 49,62 49,63 49,64 49,65 49,66 49,67 49,68 49,69 49,70 49,71 49,72 49,73 49,74 49,75 49,76 49,77
49,82 49,83 49,84 49,85 49,86 49,87 49,88 49,89 49,90 49,91 49,92 49,93 49,94 49,95 49,96 49,97 49,98 49,99 49,100 49,101 49,102 49,103 49,104 49,105 49,106 49,108 49,109 49,110 49,111 49,112
49,159 49,160 49,161
49,166 49,167 49,168 49,169 49,171
49,175 49,177 49,178 49,179 49,180 49,181 49,183 49,184 49,185 49,186 49,187 49,188 49,189 49,190 49,191 49,192 49,193 49,194
50,19 50,20 50,21 50,22 50,23 50,24 50,25 50,26 50,27 50,28 50,29 50,31 50,32 50,34
50,51 50,52 50,53
50,60 50,61 50,62 50,63 50,64 50,65 50,66 50,67 50,68 50,70 50,71 50,72 50,73 50,74 50,75
50,83 50,84 50,85 50,86 50,87 50,88 50,89 50,90 50,91 50,92 50,93 50,94 50,95 50,96 50,97 50,98 50,99 50,100 50,101 50,102 50,103 50,104 50,105 50,106 50,107 50,108 50,109 50,110 50,111 50,112 50,113 50,114 50,115 50,116 50,117 50,118 50,119 50,120 50,121 50,122 50,123 50,124 50,125 50,126 50,127 50,128 50,129 50,130 50,131 50,132 50,133 50,134 50,135 50,136 50,137 50,138 50,139 50,140 50,141 50,142 50,143 50,144 50,145 50,146 50,147 50,148 50,149 50,150 50,151 50,152 50,153 50,154 50,155 50,156 50,157 50,158 50,159 50,160 50,161 50,162 50,163 50,164 50,165 50,166 50,167 50,168 50,169 50,170 50,171 50,172 50,173 50,174 50,175 50,176 50,177 50,178 50,179 50,180 50,181 50,182 50,183 50,184 50,185 50,186 50,187 50,188 50,189 50,190 50,191 50,192 50,193 50,194
51,16 51,17 51,18 51,19 51,20 51,21 51,22 51,23 51,24 51,25 51,26 51,27 51,28 51,31 51,32 51,33 51,34 51,35 51,36 51,37 51,38 51,39 51,40 51,41 51,42 51,43 51,44 51,45 51,46 51,47 51,48 51,49 51,50 51,51 51,52 51,53 51,54 51,55 51,56 51,57 51,58 51,59 51,60 51,61 51,62 51,63 51,64 51,65 51,66 51,67 51,68 51,69 51,70 51,71 51,72 51,73 51,74 51,75 51,76 51,77 51,78 51,79 51,80 51,81 51,82 51,83 51,84 51,85 51,86 51,87 51,88 51,89 51,90 51,91 51,92 51,93 51,94 51,95 51,96 51,97 51,98 51,99 51,100 51,101 51,102 51,103 51,104 51,105 51,106 51,107 51,108 51,109 51,110 51,111 51,112 51,113 51,114 51,115 51,116 51,117 51,118 51,119 51,120 51,121 51,122 51,123 51,124 51,125 51,126 51,127 51,128 51,129 51,130 51,131 51,132 51,133 51,134 51,135 51,136 51,137 51,138 51,139 51,140 51,141 51,142 51,143 51,144 51,145 51,146 51,147 51,148 51,149 51,150 51,151 51,152 51,153 51,154 51,155 51,156 51,157 51,158 51,159 51,160 51,161 51,162 51,163 51,164 51,165 51,166 51,167 51,168 51,169 51,170 51,171 51,172 51,173 51,174 51,175 51,176 51,177 51,178 51,179 51,180 51,181 51,182 51,183 51,184 51,185 51,186 51,187 51,188 51,189 51,190 51,191 51,192 51,193 51,194
52,14 52,15 52,16 52,17 52,18 52,19 52,20 52,21 52,22 52,23 52,24 52,25 52,26 52,27 52,28 52,29 52,30 52,31 52,32 52,33 52,34 52,35 52,36 52,37 52,38 52,39 52,40 52,41 52,42 52,43 52,44 52,45 52,46 52,47 52,48 52,49 52,50 52,51 52,52 52,53 52,54 52,55 52,56 52,57 52,58 52,59 52,60 52,61 52,62 52,63 52,64 52,65 52,66 52,67 52,68 52,69 52,70 52,71 52,72 52,73 52,74 52,75 52,76 52,77 52,78 52,79 52,80 52,81 52,82 52,83 52,84 52,85 52,86 52,87 52,88 52,89 52,90 52,91 52,92 52,93 52,94 52,95 52,96 52,97 52,98 52,99 52,100 52,101 52,102 52,103 52,104 52,105 52,106 52,107 52,108 52,109 52,110 52,111 52,112 52,113 52,114 52,115 52,116 52,117 52,118 52,119 52,120 52,121 52,122 52,123 52,124 52,125 52,126 52,127 52,128 52,129 52,130 52,131 52,132 52,133 52,134 52,135 52,136 52,137 52,138 52,139 52,140 52,141 52,142 52,143 52,144 52,145 52,146 52,147 52,148 52,149 52,150 52,151 52,152 52,153 52,154 52,155 52,156 52,157 52,158 52,159 52,160 52,161 52,162 52,163 52,164 52,165 52,166 52,167 52,168 52,169 52,170 52,171 52,172 52,173 52,174 52,175 52,176 52,177 52,178 52,179 52,180 52,181 52,182 52,183 52,184 52,185 52,186 52,187 52,188 52,189 52,190 52,191 52,192 52,193 52,194
53,12 53,13 53,14 53,15 53,16 53,17 53,18 53,19 53,20 53,21 53,22 53,23 53,24 53,25 53,26 53,27 53,28 53,29 53,30 53,31 53,32 53,33 53,34 53,35 53,36 53,37 53,38 53,39 53,40 53,41 53,42 53,43 53,44 53,45 53,46 53,47 53,48 53,49 53,50 53,51 53,52 53,53 53,54 53,55 53,56 53,57 53,58 53,59 53,60 53,61 53,62 53,63 53,64 53,65 53,66 53,67 53,68 53,69 53,70 53,71 53,72 53,73 53,74 53,75 53,76 53,77 53,78 53,79 53,80 53,81 53,82 53,83 53,84 53,85 53,86 53,87 53,88 53,89 53,90 53,91 53,92 53,93
53,141 53,142 53,143
53,152 53,153 53,154 53,155 53,156 53,158 53,159 53,160
53,169 53,170 53,171 53,172 53,173 53,174 53,175 53,176 53,177 53,178 53,179 53,180 53,181 53,182 53,183 53,184 53,185 53,186 53,187 53,188 53,189 53,190 53,191 53,192 53,193 53,194
54,11 54,12 54,13 54,14 54,15 54,16 54,17 54,18 54,19 54,20 54,21 54,22 54,23 54,24 54,25 54,26 54,27 54,28 54,29 54,30 54,31 54,32 54,33 54,34 54,35 54,36 54,37 54,38 54,39 54,40 54,41 54,42 54,43 54,44 54,45 54,46 54,47 54,48 54,49 54,50 54,51 54,52 54,53 54,54 54,55 54,56 54,57 54,58 54,59 54,60 54,61 54,62 54,63 54,64 54,65 54,66 54,67 54,68 54,69 54,70 54,71 54,72 54,73 54,74 54,76 54,77 54,78 54,79 54,80 54,81 54,82 54,83 54,84 54,85 54,86
54,90 54,91 54,92 54,93
54,116 54,117 54,118 54,119 54,120
54,152 54,153 54,154 54,155 54,156
54,178 54,180 54,181 54,182 54,183 54,184 54,185 54,186 54,187 54,188 54,189 54,190 54,191 54,192 54,193 54,194
55,10 55,11 55,12 55,13 55,14 55,15 55,16 55,17 55,18 55,19 55,20 55,21 55,22 55,23 55,24 55,25 55,26 55,27 55,28 55,29 55,30 55,31 55,32 55,33 55,34 55,37 55,38 55,39 55,40 55,41 55,42 55,43 55,44 55,45 55,46 55,47 55,48 55,49 55,50 55,51 55,52 55,53 55,54 55,55 55,56 55,57 55,58 55,59 55,60 55,61 55,62 55,63 55,64 55,65 55,66 55,67 55,68 55,69 55,70 55,71
55,84 55,85 55,86
55,90 55,91 55,92 55,93
55,152 55,153 55,154 55,155 55,156
55,179 55,180 55,181 55,182 55,183 55,184 55,185 55,186 55,187 55,188 55,189 55,190 55,191 55,192 55,193 55,194 55,195
56,10 56,11 56,12 56,13 56,14 56,15 56,16 56,17 56,18 56,19 56,20 56,21 56,22 56,23 56,24 56,25 56,26 56,27 56,28 56,29 56,30 56,31 56,32 56,33 56,34 56,35 56,36 56,37 56,38 56,39 56,40 56,41 56,42 56,43 56,46 56,47 56,48 56,49 56,50 56,51 56,54 56,55
56,59 56,61 56,62 56,63 56,64 56,65 56,66 56,67 56,68 56,69 56,70 56,71 56,72 56,73 56,74 56,75 56,76
56,84 56,85 56,86
56,90 56,91 56,92 56,93
56,169 56,171 56,172 56,173 56,174 56,175 56,176 56,177 56,178 56,179 56,180
56,184 56,185 56,186 56,187 56,188 56,189 56,190 56,191 56,192 56,193 56,194 56,195
57,10 57,11 57,12 57,13 57,14 57,15 57,16 57,17 57,18 57,19 57,20 57,21 57,22 57,23 57,24 57,25 57,26 57,27 57,28 57,29 57,30 57,31 57,32 57,33 57,34 57,35 57,36 57,37 57,38 57,39 57,40 57,41 57,42 57,43 57,44 57,45 57,46 57,47 57,48 57,49 57,50 57,51 57,52 57,53 57,54 57,55 57,56 57,57 57,58 57,59 57,60 57,61 57,62 57,63 57,64 57,65 57,66 57,67 57,68 57,69
57,77 57,78 57,79 57,80 57,81 57,82 57,83 57,84 57,85 57,86 57,88 57,89 57,90 57,91 57,92 57,93 57,94 57,95 57,96 57,97 57,98 57,99 57,100 57,101 57,102 57,103 57,104 57,105 57,106 57,107 57,108 57,109 57,110 57,111 57,112 57,113 57,114 57,115 57,116 57,117 57,118 57,119
57,143 57,144 57,145 57,146 57,147 57,148 57,149 57,150 57,151 57,152 57,153 57,154 57,155 57,156 57,157 57,158 57,159 57,160 57,161 57,162 57,163 57,164 57,165 57,166 57,167 57,168 57,169
57,179 57,180 57,181 57,182 57,184 57,185 57,186 57,187 57,188 57,189 57,190 57,191 57,192 57,193 57,194 57,195
58,10 58,11 58,12 58,13 58,14 58,15 58,16 58,17 58,18 58,19 58,20 58,21 58,22 58,23 58,24 58,25 58,26 58,27 58,28 58,29 58,30 58,31 58,32 58,34 58,35 58,36 58,37 58,38 58,39 58,40 58,41 58,42 58,43 58,44 58,45 58,46 58,47 58,48 58,49 58,50 58,51 58,52 58,53 58,54 58,55 58,56 58,57 58,58 58,59 58,60 58,61 58,62 58,63 58,64 58,65 58,66 58,67 58,68 58,69 58,70 58,71 58,72 58,73 58,74 58,75 58,76 58,79 58,80
58,84 58,85 58,86
58,90 58,91 58,92 58,93
58,135 58,136 58,137
58,179 58,180 58,181 58,182 58,183 58,184 58,185 58,186 58,187 58,188 58,189 58,190 58,191 58,192 58,193 58,194 58,195
59,11 59,12 59,13 59,14 59,15 59,16 59,17 59,18 59,19 59,20 59,21 59,22 59,23 59,24 59,25 59,26 59,27 59,28 59,29 59,30 59,31 59,32 59,33 59,34 59,35 59,36 59,37 59,38 59,39 59,40 59,41 59,42 59,43 59,44 59,45 59,46 59,47 59,48 59,49 59,50 59,51 59,52 59,53 59,54 59,55 59,56 59,57 59,58 59,59 59,60 59,61 59,62 59,63 59,64 59,65 59,66 59,67 59,68 59,69 59,70 59,71 59,72 59,73 59,74 59,75 59,76 59,77 59,78 59,79 59,80 59,81 59,82 59,83 59,84 59,85 59,86
59,90 59,91 59,92 59,93 59,94 59,95 59,96 59,97 59,98 59,100 59,101 59,102 59,103 59,104 59,105 59,106 59,107 59,108 59,109 59,110 59,111 59,112 59,115 59,116
59,143 59,144 59,145 59,146 59,147 59,148 59,149 59,150 59,151 59,152 59,153 59,154 59,155 59,156 59,157 59,158 59,159 59,160 59,161 59,162 59,163 59,164 59,165 59,166 59,167 59,168 59,169 59,172 59,175 59,176 59,177 59,178 59,179 59,180 59,181 59,182 59,183 59,184 59,185 59,186 59,187 59,188 59,189 59,190 59,191 59,192 59,193 59,194 59,195
60,12 60,13 60,14 60,15 60,16 60,17 60,18 60,19 60,20 60,21 60,22 60,24 60,25 60,26 60,27 60,28 60,29 60,30 60,31 60,32 60,33 60,34 60,35 60,36 60,37 60,38 60,39 60,40 60,41 60,42 60,43 60,44 60,45 60,46 60,47 60,48 60,49 60,50 60,51 60,52 60,53 60,54 60,55 60,56 60,58 60,59 60,60 60,61 60,62 60,63 60,64 60,65 60,66 60,67 60,68 60,69 60,70 60,71 60,72 60,73 60,74 60,75 60,76 60,77 60,78 60,79 60,80 60,81 60,82 60,83 60,84 60,85 60,86
60,90 60,91 60,92 60,93
60,178 60,180 60,181 60,182 60,184 60,185 60,186 60,187 60,188 60,189 60,190 60,191 60,192 60,193 60,194
61,14 61,15 61,16 61,17 61,18 61,19 61,20 61,21 61,22 61,23 61,25 61,26 61,28 61,31 61,32 61,33 61,34 61,35 61,36 61,37 61,38 61,40 61,41 61,42 61,43 61,44 61,45 61,46 61,47 61,48 61,49 61,50 61,51 61,52 61,54 61,55 61,56 61,57 61,58 61,59 61,60 61,61 61,62 61,63 61,64 61,65 61,66 61,67 61,68 61,69 61,70 61,71 61,72 61,73 61,74 61,75 61,76 61,77 61,78 61,79 61,80 61,81 61,82 61,83 61,84 61,85 61,86
61,90 61,91 61,92 61,93 61,94 61,95 61,97 61,98 61,99 61,100 61,101 61,102 61,103 61,104 61,105 61,106 61,107 61,108 61,109 61,110 61,111 61,112 61,113 61,114 61,115 61,116 61,117 61,118 61,119 61,120 61,121 61,122 61,123 61,124 61,125 61,126 61,127 61,128 61,129 61,130 61,131 61,132 61,133 61,134 61,135 61,136 61,137
61,151 61,152 61,153 61,154 61,155 61,156 61,157 61,158 61,159 61,160 61,161 61,162 61,164 61,165 61,166 61,167 61,168
61,172 61,173 61,174 61,175 61,176 61,177 61,178 61,179 61,180 61,181 61,182 61,183 61,184 61,185 61,186 61,187 61,188 61,189 61,190 61,191 61,192 61,193 61,194
62,16 62,17 62,18 62,19 62,20 62,21 62,22 62,23 62,24 62,25 62,26
62,40 62,41 62,42
62,51 62,52 62,53 62,54 62,56 62,57 62,58 62,59 62,60 62,61 62,62 62,63 62,64 62,65 62,66 62,67 62,68 62,69 62,70 62,71 62,72 62,73 62,74 62,75 62,76 62,77 62,78 62,79 62,80 62,81 62,82 62,83 62,84 62,85 62,86
62,90 62,91 62,92 62,93 62,95 62,96 62,97 62,98 62,101 62,102 62,103
62,110 62,111 62,112 62,113 62,114 62,115 62,116 62,117 62,118 62,119
62,127 62,128 62,129 62,130 62,131 62,132 62,133 62,134 62,135
62,144 62,145 62,146 62,147 62,148 62,149 62,150 62,151 62,152 62,153 62,154 62,155 62,156 62,157 62,158 62,159 62,160 62,161 62,163 62,164 62,165 62,166 62,167 62,168 62,169 62,170 62,171 62,172 62,173 62,174 62,175 62,176 62,177 62,178 62,179 62,180 62,181 62,182 62,183 62,184 62,185 62,186 62,187 62,188 62,189 62,190 62,191 62,192 62,193 62,194
63,19 63,20 63,21 63,22 63,23 63,24 63,25 63,26 63,27 63,28 63,29 63,31 63,32 63,33 63,34 63,35
63,40 63,41 63,42
63,50 63,51 63,52 63,53 63,54 63,56 63,57 63,58 63,59 63,61 63,63 63,65 63,66 63,67 63,68 63,69 63,70 63,71 63,72 63,73 63,74 63,75 63,76 63,77 63,78 63,79 63,80 63,81 63,82 63,83 63,84 63,85 63,86 63,89 63,90 63,91 63,92 63,93
63,98 63,100 63,101 63,102 63,103
63,111 63,112 63,113
63,117 63,118 63,119
63,135 63,136 63,137
63,166 63,169 63,171 63,174 63,176 63,177 63,178 63,179 63,180 63,181 63,182 63,184 63,186 63,187 63,188 63,189 63,190 63,191 63,192 63,193 63,194
64,22 64,23 64,24 64,25 64,26 64,27 64,28 64,29 64,30 64,31 64,32 64,33 64,34 64,35 64,36 64,37 64,38 64,39 64,40 64,42
64,50 64,51 64,52 64,53 64,54 64,56 64,57
64,62 64,65 64,66 64,67 64,68 64,69 64,70 64,71 64,72 64,73 64,74 64,75 64,76 64,77 64,78 64,79 64,80 64,81 64,82 64,83 64,84 64,85 64,86 64,89 64,90 64,91 64,92 64,93 64,94 64,95
64,135 64,136 64,137 64,138 64,139 64,140 64,141 64,142 64,143
64,181 64,182 64,183 64,184 64,186 64,187 64,188 64,189 64,190 64,191 64,192 64,193 64,194
65,25 65,26 65,27 65,28 65,29 65,30 65,31 65,32 65,33 65,34 65,35 65,36 65,37 65,38 65,39 65,40 65,41 65,42 65,44 65,45 65,47 65,48 65,49 65,50 65,51 65,52 65,53 65,54 65,56 65,57
65,62 65,65 65,66 65,67 65,68 65,69 65,70 65,71 65,72 65,73 65,74 65,75 65,76 65,77 65,78 65,79 65,80 65,81 65,82 65,83 65,84 65,85 65,86 65,89 65,90 65,91 65,92 65,93 65,94 65,95 65,96 65,97 65,98 65,101
65,135 65,136 65,137 65,138 65,139 65,140 65,141 65,142 65,143
65,179 65,180 65,181 65,182 65,183 65,184 65,186 65,187 65,188 65,189 65,190 65,191 65,192 65,193 65,194
66,32 66,33 66,34 66,35 66,36 66,37 66,38 66,39 66,40 66,41 66,42 66,43 66,44 66,45 66,46 66,47 66,48 66,49 66,50 66,51 66,52 66,53 66,54 66,55 66,56 66,57 66,58 66,59 66,60 66,61 66,62 66,63 66,64 66,65 66,66 66,67 66,68 66,69 66,70
66,84 66,85 66,86 66,87 66,89 66,90 66,91 66,92 66,93 66,94 66,96 66,97 66,98 66,101 66,102
66,179 66,180 66,181 66,183 66,184 66,185 66,186 66,187 66,188 66,190 66,191 66,192 66,193 66,194
67,36 67,37 67,38 67,39 67,40 67,41 67,42 67,43 67,44 67,45 67,46 67,47 67,48 67,49 67,50 67,51 67,52 67,53 67,54 67,55 67,56 67,57 67,58 67,59 67,60 67,61 67,62 67,63 67,64 67,65 67,66 67,67 67,68 67,69 67,70 67,71 67,72 67,73 67,74 67,75 67,76 67,77 67,78 67,79 67,80
67,84 67,85 67,86 67,87 67,88 67,89 67,90 67,91 67,92 67,93
67,179 67,180 67,181 67,183 67,184 67,185 67,186 67,187 67,188 67,190 67,191 67,192 67,193 67,194
68,44 68,45 68,46 68,47 68,48 68,49 68,50 68,51 68,52 68,53 68,54 68,55 68,56 68,57 68,58 68,59 68,60 68,61 68,62 68,63 68,64 68,65 68,66 68,67 68,68 68,69 68,70 68,71 68,72 68,73 68,74 68,75 68,76 68,77 68,78 68,79 68,80 68,81 68,82 68,83 68,84 68,85 68,86 68,87 68,88 68,89 68,90 68,91 68,92 68,93 68,94
68,179 68,180 68,181 68,183 68,184 68,185 68,186 68,187 68,188 68,189 68,190 68,191 68,192 68,193 68,194
69,67 69,68 69,69 69,70 69,71 69,72 69,73 69,74 69,75 69,76 69,77 69,78 69,79 69,80 69,81 69,82 69,83 69,84 69,85 69,86 69,87 69,88 69,89 69,90 69,91 69,92 69,93 69,94 69,95
69,102 69,103 69,104 69,105 69,106 69,107 69,108 69,109 69,110 69,111 69,112 69,113 69,114 69,115 69,116 69,117 69,118 69,119 69,120 69,122 69,123
69,135 69,137 69,140
69,179 69,180 69,181 69,182 69,183 69,184 69,185 69,186 69,187 69,188 69,189 69,190 69,191 69,192 69,193 69,194
70,85 70,86 70,87 70,88 70,89 70,90 70,91 70,92 70,93 70,94 70,95 70,96 70,97 70,98 70,99 70,100 70,101 70,102 70,103 70,104 70,105 70,106 70,107 70,108 70,109 70,110 70,111 70,112 70,113 70,114 70,115 70,116 70,117 70,118 70,119 70,120 70,121 70,122 70,123 70,124 70,125 70,126 70,127 70,128 70,129 70,130 70,131 70,132 70,133 70,134 70,135 70,136 70,137 70,138 70,139 70,140 70,141 70,142 70,143 70,144 70,145 70,146 70,147 70,148 70,149 70,150 70,151 70,152 70,153 70,154 70,155 70,156 70,157 70,158 70,159 70,160 70,161 70,162 70,163 70,164 70,165 70,166
70,176 70,177 70,178 70,179 70,180 70,181 70,182 70,183 70,184 70,185 70,186 70,187 70,188 70,189 70,190 70,191 70,192 70,193 70,194
71,90 71,91 71,92 71,93 71,94 71,95 71,96 71,97 71,98 71,99 71,100 71,101 71,102 71,103 71,104 71,105 71,106 71,107 71,108 71,109 71,110 71,111 71,112 71,113 71,114 71,115 71,116 71,117 71,118 71,119 71,120 71,121 71,122 71,123 71,124 71,125 71,126 71,127 71,128 71,129 71,130 71,131 71,132 71,133 71,134 71,135 71,136 71,137 71,138 71,139 71,140 71,141 71,142 71,143 71,144 71,145 71,146 71,147 71,148 71,149 71,150 71,151 71,152 71,153 71,154 71,155 71,156 71,157 71,158 71,159 71,160 71,161 71,162 71,163 71,164 71,165 71,166 71,167 71,168 71,169 71,170 71,171 71,172 71,173 71,174 71,175 71,176 71,177 71,178 71,179 71,180 71,181 71,182 71,183 71,184 71,185 71,186 71,187 71,188 71,189 71,190 71,191 71,192 71,193 71,194
72,97 72,98 72,99 72,100 72,101 72,102 72,103 72,104 72,105 72,106 72,107 72,108 72,109 72,110 72,111 72,112 72,113 72,114 72,115 72,116 72,117 72,118 72,119 72,120 72,121 72,122 72,123 72,124 72,125 72,126 72,127 72,128 72,129 72,130 72,131 72,132 72,133 72,134 72,135 72,136 72,137 72,138 72,139 72,140 72,141 72,142 72,143 72,144 72,145 72,146 72,147 72,148 72,149 72,150 72,151 72,152 72,153 72,154 72,155 72,156 72,157 72,158 72,159 72,160 72,161 72,162 72,163 72,164 72,165 72,166 72,167 72,168 72,169 72,170 72,171 72,172 72,173 72,174 72,175 72,176 72,177 72,178 72,179 72,180 72,181 72,182 72,183 72,184 72,185 72,186 72,187 72,188 72,189 72,190 72,191 72,192 72,193 72,194
73,130 73,131 73,132 73,133 73,134 73,135 73,136 73,137 73,138 73,139 73,140 73,141 73,142 73,143 73,144 73,145 73,146 73,147 73,148 73,149 73,150 73,151 73,152 73,153 73,154 73,155 73,156 73,157 73,158 73,159 73,160 73,161 73,162 73,163 73,164 73,165 73,166 73,167 73,168 73,169 73,170 73,171 73,172 73,173 73,174 73,175 73,176 73,177 73,178 73,179 73,180 73,181 73,182 73,183 73,184 73,185 73,186
73,190 73,191 73,192 73,193 73,194
74,130 74,131 74,132 74,133 74,134 74,135 74,136 74,137 74,138 74,139 74,140 74,141 74,142 74,143 74,144 74,145 74,146 74,147 74,148 74,149 74,150 74,151 74,152 74,153 74,154 74,155 74,156 74,157 74,158 74,159 74,160 74,161 74,162 74,163 74,164 74,165 74,166 74,167 74,168 74,169 74,170 74,171 74,172 74,173 74,174 74,175 74,176 74,177 74,178 74,179 74,180 74,181 74,182 74,183 74,184 74,185
74,190 74,191 74,192 74,193
75,167 75,168 75,169 75,170 75,171 75,172 75,173 75,174 75,175 75,176 75,177 75,178 75,179 75,180 75,181 75,182 75,183 75,184
