25,92 25,93 25,94 25,95 25,96 25,97 25,98 25,99 25,100 25,101 25,102 25,103 25,104 25,105 25,106 25,107 25,108 25,109 25,110 25,111 25,112 25,113 25,114 25,115 25,116 25,117 25,118 25,119 25,120 25,121 25,122 25,123 25,124 25,125 25,126 25,127 25,128 25,129 25,130 25,131 25,132 25,133 25,134 25,135 25,136 25,137 25,138 25,139 25,140 25,141 25,142 25,143 25,144 25,145 25,146 25,147 25,148 25,149 25,150 25,151 25,152 25,153 25,154 25,155 25,156 25,157 25,158 25,159 25,160 25,161 25,162 25,163 25,164 25,165 25,166 25,167 25,168 25,169 25,170 25,171 25,172 25,173 25,174 25,175 25,176
26,91 26,92 26,93 26,94 26,95 26,96 26,97 26,98 26,99 26,100 26,101 26,102 26,103 26,104 26,105 26,106 26,107 26,108 26,109 26,110 26,111 26,112 26,113 26,114 26,115 26,116 26,117 26,118 26,119 26,120 26,121 26,122 26,123 26,124 26,125 26,126 26,127 26,128 26,129 26,130 26,131 26,132 26,133 26,134 26,135 26,136 26,137 26,138 26,139 26,140 26,141 26,142 26,143 26,144 26,145 26,146 26,147 26,148 26,149 26,150 26,151 26,152 26,153 26,154 26,155 26,156 26,157 26,158 26,159 26,160 26,161 26,162 26,163 26,164 26,165 26,166 26,167 26,168 26,169 26,170 26,171 26,172 26,173 26,174 26,175 26,176
26,184 26,185 26,186 26,187 26,188 26,189 26,190 26,191 26,192 26,193
27,88 27,89 27,90 27,91 27,92 27,93 27,94 27,95 27,96 27,97 27,98 27,99 27,100 27,101 27,102 27,103 27,104 27,105 27,106 27,107 27,108 27,109 27,110 27,111 27,112 27,113 27,114 27,115 27,116 27,117 27,118 27,119 27,120 27,121 27,122 27,123 27,124 27,125 27,126 27,127 27,128 27,129 27,130 27,131 27,132 27,133 27,134 27,135 27,136 27,137 27,138 27,139 27,140 27,141 27,142 27,143 27,144 27,145 27,146 27,147 27,148 27,149 27,150 27,151 27,152 27,153 27,154 27,155 27,156 27,157 27,158 27,159 27,160 27,161 27,162 27,163 27,164 27,165 27,166 27,167 27,168 27,169 27,170 27,171 27,172 27,173 27,174 27,175 27,176
27,183 27,184 27,185 27,186 27,187 27,188 27,189 27,190 27,191 27,192 27,193
28,85 28,86 28,87 28,88 28,89 28,90 28,91
28,169 28,170 28,172 28,173 28,174 28,175 28,176 28,177 28,178 28,179 28,180 28,181 28,182 28,183 28,184 28,185 28,186 28,187 28,188 28,191 28,192 28,193
29,83 29,84 29,85 29,86 29,87 29,88 29,89 29,90 29,91
29,170 29,171 29,172 29,174 29,175 29,176 29,177 29,178 29,179 29,180 29,181 29,182 29,183 29,184 29,185 29,186 29,187
29,191 29,192 29,193
30,81 30,82 30,83 30,84 30,85 30,86 30,87 30,89 30,90 30,91
30,173 30,174 30,175 30,176 30,177 30,178 30,179 30,180 30,181 30,182 30,183 30,184 30,185 30,186 30,187 30,188 30,191 30,192 30,193
31,45 31,46 31,47 31,48 31,49 31,50 31,51 31,52 31,53 31,54 31,55 31,56 31,57 31,58 31,59 31,60 31,61 31,62 31,63 31,64 31,65 31,66 31,67 31,68 31,69 31,70 31,71 31,72 31,73 31,74 31,75 31,76 31,77 31,78 31,79 31,80 31,81 31,82 31,83 31,84 31,85 31,86 31,87 31,88 31,89 31,90
31,173 31,175 31,176 31,177 31,178 31,179 31,180 31,181 31,182 31,183 31,184 31,185 31,186 31,187 31,189 31,191 31,192 31,193
32,36 32,37 32,38 32,39 32,40 32,41 32,42 32,43 32,44 32,45 32,46 32,47 32,48 32,49 32,50 32,51 32,52 32,53 32,54 32,55 32,56 32,57 32,58 32,59 32,60 32,61 32,62 32,63 32,64 32,65 32,66 32,67 32,68 32,69 32,70 32,71 32,72 32,73 32,74 32,75 32,76 32,77 32,78 32,79 32,80 32,81 32,82 32,83 32,84 32,85 32,86 32,87 32,88 32,89
32,173 32,174 32,175 32,176 32,177 32,178 32,179 32,180 32,181 32,182 32,183 32,184 32,185 32,186 32,187 32,188 32,189 32,191 32,192 32,193
33,32 33,33 33,34 33,35 33,36 33,37 33,38 33,39 33,40 33,41 33,42 33,43 33,44 33,45 33,46
33,65 33,66 33,67 33,68 33,71 33,72
33,76 33,77 33,78
33,88 33,89 33,90 33,93 33,94 33,95 33,96 33,97 33,98 33,99 33,100 33,101 33,102 33,103 33,104 33,105 33,106 33,107 33,108 33,109 33,110 33,111 33,112 33,113 33,114 33,115 33,116 33,117 33,118 33,119 33,120 33,121 33,122 33,123 33,124 33,125 33,126 33,127 33,128 33,129 33,130 33,131 33,132 33,133 33,134 33,135 33,136 33,137 33,138 33,139 33,140 33,141 33,142 33,143 33,144 33,145 33,146 33,147 33,148 33,149 33,150 33,151 33,152 33,153 33,154 33,155 33,156 33,157 33,158 33,159 33,160 33,161 33,162 33,163 33,164 33,165 33,166 33,167 33,168 33,169 33,170 33,171 33,172 33,173 33,174 33,175 33,176 33,177
33,181 33,182 33,183 33,184 33,185 33,186 33,187 33,188 33,189 33,190 33,191 33,192 33,193
34,29 34,30 34,31 34,32 34,33 34,34 34,35 34,36 34,37 34,38 34,39 34,40
34,66 34,67 34,68 34,69 34,71 34,72
34,76 34,77 34,78 34,79
34,84 34,85 34,86 34,87 34,88 34,89 34,90 34,91 34,92 34,93 34,94 34,95 34,96 34,97 34,98 34,99 34,100 34,101 34,102 34,103 34,104 34,105 34,106 34,107 34,108 34,109 34,110 34,111 34,112 34,113 34,114 34,115 34,116 34,117 34,118 34,119 34,120 34,121 34,122 34,123 34,124 34,125 34,126 34,127 34,128 34,129 34,130 34,131 34,132 34,133 34,134 34,135 34,136 34,137 34,138 34,139 34,140 34,141 34,142 34,143 34,144 34,145 34,146 34,147 34,148 34,149 34,150 34,151 34,152 34,153 34,154 34,155 34,156 34,157 34,158 34,159 34,160 34,161 34,162 34,163 34,164 34,165 34,166 34,167 34,168 34,169 34,170 34,171 34,172 34,173 34,174 34,175 34,176 34,177 34,178 34,179 34,180 34,181 34,182 34,183 34,184 34,185 34,186 34,187 34,188 34,189 34,190 34,191 34,192 34,193
35,27 35,28 35,29 35,30 35,31 35,32 35,33 35,34 35,35 35,36 35,37 35,38 35,39
35,66 35,67 35,68 35,69 35,71 35,72
35,76 35,77 35,78
35,84 35,85 35,86 35,87 35,88 35,89 35,90 35,91
35,181 35,182 35,183 35,184 35,187 35,188 35,189 35,190 35,191 35,192 35,193
36,22 36,23 36,24 36,25 36,26 36,27 36,28 36,29 36,30 36,31 36,32 36,33 36,34 36,36 36,37 36,38
36,66 36,67 36,68 36,69 36,71 36,72
36,76 36,77 36,78
36,84 36,85 36,86 36,87 36,88 36,89
36,176 36,177 36,178 36,181 36,182 36,183 36,184 36,187 36,188 36,189 36,190 36,191 36,192 36,193
37,20 37,21 37,22 37,23 37,24 37,25 37,26 37,27 37,28
37,32 37,33 37,35 37,36 37,37 37,38
37,66 37,67 37,68 37,69 37,71 37,72 37,74 37,75 37,76 37,77 37,78 37,79 37,82 37,83 37,84 37,85 37,86 37,87 37,88 37,89 37,90 37,91
37,176 37,177 37,178 37,179 37,180 37,181 37,182 37,183 37,184 37,185
37,189 37,191 37,192 37,193
38,18 38,19 38,20 38,21 38,22 38,23 38,24 38,25 38,26 38,27 38,28
38,46 38,47 38,48 38,49 38,50 38,51 38,52 38,53 38,54 38,55 38,56 38,57 38,58 38,59 38,60 38,61 38,62 38,63 38,64 38,65 38,66 38,67 38,68 38,69 38,70 38,71 38,72 38,73 38,74 38,75 38,76 38,77 38,78 38,79 38,80 38,81 38,82 38,83 38,84 38,87 38,88 38,90
38,176 38,177 38,178 38,179 38,181 38,182 38,183 38,184 38,185 38,188 38,189 38,191 38,192 38,193
39,16 39,17 39,18 39,19 39,20 39,21
39,39 39,40 39,41 39,42 39,43 39,44 39,45 39,46 39,47 39,48 39,49 39,50 39,51 39,52 39,53 39,54 39,55 39,56 39,57 39,58 39,59 39,60 39,61 39,62 39,63 39,64 39,65 39,66 39,67 39,68 39,69 39,70 39,71 39,72 39,73 39,74 39,75 39,76 39,77 39,78 39,79 39,80 39,81 39,82
39,176 39,177 39,178 39,179 39,181 39,182 39,183 39,184
39,191 39,192 39,193
40,14 40,15 40,16 40,17 40,18 40,19 40,20 40,21 40,22
40,36 40,37 40,38 40,39 40,40 40,41 40,42 40,43 40,44 40,45 40,46 40,47 40,48 40,49 40,50 40,51
40,65 40,66 40,67 40,68 40,69 40,71 40,72 40,75 40,76 40,77
40,182 40,183 40,184 40,186
40,191 40,192 40,193
41,12 41,13 41,14 41,15 41,16 41,17 41,18 41,19
41,32 41,33 41,34 41,35 41,36 41,37 41,38
41,66 41,67 41,68 41,71 41,72
41,191 41,192 41,193
42,11 42,12 42,13 42,14 42,15 42,16 42,17 42,18 42,19
42,29 42,30 42,31 42,32 42,33 42,34
42,66 42,67 42,68 42,71 42,72
42,191 42,192 42,193
43,10 43,11 43,12 43,13 43,14 43,15 43,16 43,17 43,18 43,19
43,23 43,24 43,25 43,26 43,27 43,28 43,29 43,30
43,66 43,67 43,68 43,71 43,72
43,191 43,192 43,193
44,9 44,10 44,11 44,12 44,13 44,14 44,15 44,16 44,17 44,18 44,19 44,21 44,22 44,23 44,24 44,25 44,26 44,27 44,28 44,29 44,32
44,65 44,66 44,67 44,68 44,71 44,72 44,75 44,76 44,77
44,191 44,192 44,193
45,8 45,9 45,10 45,11 45,12 45,13 45,14 45,15 45,16 45,17 45,19 45,20 45,21 45,22 45,23 45,24 45,25 45,26
45,66 45,67 45,68 45,71 45,72
45,191 45,192 45,193
46,7 46,8 46,9 46,10 46,11 46,12
46,17 46,18 46,19 46,20 46,21
46,66 46,67 46,68 46,71 46,72
46,191 46,192 46,193
47,7 47,8 47,9 47,10 47,11 47,12 47,13 47,15 47,16 47,17 47,18 47,19 47,20
47,66 47,67 47,68 47,71 47,72
47,191 47,192 47,193
48,7 48,8 48,9 48,10 48,11 48,13 48,14 48,15 48,16 48,17
48,66 48,67 48,68 48,71 48,72
48,191 48,192 48,193
49,7 49,8 49,9 49,10 49,11 49,12 49,13 49,14 49,15
49,66 49,67 49,68 49,71 49,72
49,191 49,192 49,193
50,7 50,8 50,9 50,10 50,11 50,12 50,13
50,66 50,67 50,68 50,71 50,72
50,191 50,192 50,193
51,8 51,9 51,10 51,11 51,12 51,13 51,14
51,66 51,67 51,68 51,71 51,72
51,183 51,184 51,186 51,188 51,189 51,191 51,192 51,193
52,8 52,9 52,10 52,11 52,12 52,13 52,14 52,15 52,16 52,17 52,19
52,66 52,67 52,68 52,71 52,72
52,188 52,189 52,191 52,192 52,193
53,9 53,10 53,11 53,12 53,13 53,14 53,15 53,16 53,17 53,19
53,26 53,27 53,28
53,66 53,67 53,68 53,71 53,72
53,191 53,192 53,193
54,11 54,12 54,13 54,14 54,15 54,17 54,18
54,66 54,67 54,68 54,71 54,72
54,191 54,192 54,193
55,11 55,12 55,13 55,14 55,15 55,16 55,17 55,18
55,66 55,67 55,68 55,71 55,72
55,191 55,192 55,193
56,13 56,14 56,15 56,16 56,17 56,18 56,19
56,66 56,67 56,68 56,71 56,72
56,191 56,192 56,193
57,14 57,15 57,16 57,17 57,18 57,19 57,20 57,21
57,66 57,67 57,68 57,71 57,72
57,191 57,192 57,193
58,17 58,18 58,19 58,20 58,21 58,22 58,23 58,24 58,25 58,26 58,27 58,28 58,29 58,32 58,33 58,34 58,35 58,36
58,66 58,67 58,68 58,71 58,72
58,191 58,192 58,193
59,19 59,20 59,21 59,22 59,23 59,24 59,25 59,26 59,27 59,29 59,32
59,66 59,67 59,68 59,71 59,72
59,98 59,99 59,101 59,102
59,155 59,156 59,159 59,160 59,161
59,191 59,192 59,193
60,21 60,22 60,23 60,24 60,25 60,26 60,27 60,28 60,29 60,30 60,31 60,32 60,33 60,34
60,66 60,67 60,68 60,71 60,72
60,98 60,100 60,101 60,102 60,103 60,104 60,105 60,106 60,107 60,108 60,109 60,110 60,111 60,112 60,113 60,114 60,115 60,116
60,125 60,126 60,127 60,128 60,129 60,130 60,131 60,132 60,133 60,134 60,135 60,136 60,137 60,138 60,139 60,140 60,141 60,142 60,143 60,144 60,145 60,146 60,147 60,148 60,149 60,150 60,151 60,152 60,153 60,154 60,155 60,156 60,157 60,158 60,159 60,160 60,161 60,162
60,191 60,192 60,193
61,23 61,24 61,25 61,26 61,27 61,28 61,29 61,30 61,31 61,32 61,33 61,34 61,35
61,66 61,67 61,68 61,71 61,72
61,98 61,99 61,100 61,101 61,102 61,103 61,104 61,105 61,106 61,107 61,108 61,109 61,110 61,111 61,112 61,113 61,114 61,115 61,116 61,117
61,123 61,124 61,125 61,126 61,127 61,128 61,129 61,130 61,131 61,132 61,133 61,134 61,135 61,136 61,137 61,138 61,139 61,140 61,141 61,142 61,143 61,144 61,145 61,146 61,147 61,148 61,149 61,150 61,151 61,152 61,153 61,154 61,155 61,156 61,157 61,158 61,159 61,160 61,161 61,162
61,191 61,192 61,193
62,28 62,29 62,30 62,31 62,32 62,33 62,34 62,35 62,36 62,37 62,38
62,66 62,67 62,68 62,71 62,72
62,97 62,98 62,99 62,100 62,101 62,102 62,103 62,104 62,105 62,106 62,107 62,108 62,109 62,110 62,111 62,112 62,113 62,114 62,115 62,116 62,117
62,123 62,124 62,125 62,126 62,127 62,128 62,129 62,130 62,131 62,132 62,133 62,134 62,135 62,136 62,137 62,138 62,139 62,140 62,141 62,142 62,143 62,144 62,145 62,146 62,147 62,148 62,149 62,150 62,151 62,152 62,153 62,154 62,155 62,156 62,157 62,158 62,159 62,160 62,161 62,162
62,191 62,192 62,193
63,31 63,32 63,33 63,34 63,35 63,36 63,37 63,38 63,39
63,66 63,67 63,68 63,71 63,72
63,98 63,99 63,100 63,101 63,102 63,103 63,104
63,115 63,116 63,117
63,123 63,124 63,125 63,126 63,127 63,128 63,129 63,130
63,155 63,156 63,157 63,158 63,159 63,160 63,161 63,162
63,191 63,192 63,193
64,34 64,35 64,36 64,37 64,38 64,39 64,40 64,41 64,42 64,43 64,44 64,45 64,46 64,47 64,48 64,49 64,50 64,51 64,52 64,53 64,54 64,55 64,56 64,57 64,58 64,59 64,60 64,61 64,62 64,63 64,64 64,65 64,66 64,67 64,68 64,69 64,70 64,71 64,72 64,73 64,74 64,75 64,76 64,77 64,78 64,79 64,80 64,81
64,97 64,98 64,99 64,100 64,101 64,102 64,103 64,104
64,115 64,116 64,117 64,118 64,119
64,123 64,124 64,125 64,126 64,127 64,128 64,129 64,130
64,155 64,156 64,157 64,158 64,159 64,160 64,161 64,162
64,174 64,175 64,176 64,177 64,179 64,180 64,183 64,184 64,186
64,191 64,192 64,193
65,42 65,43 65,44 65,45 65,46 65,47 65,48 65,49 65,50 65,51 65,52 65,53 65,54 65,55 65,56 65,57 65,58 65,59 65,60 65,61 65,62 65,63 65,64 65,65 65,66 65,67 65,68 65,69 65,70 65,71 65,72 65,73 65,74 65,75 65,76 65,77 65,78 65,79 65,80 65,81 65,82 65,83 65,84 65,85
65,91 65,92 65,93 65,94 65,97 65,98 65,99 65,100 65,101 65,102 65,103 65,104 65,105 65,106 65,107 65,108 65,109 65,110 65,111 65,112 65,113 65,114 65,115 65,116 65,117 65,118 65,119
65,123 65,124 65,125 65,126 65,127 65,128 65,129 65,130 65,131 65,132 65,133 65,134 65,135 65,136 65,137 65,138 65,139 65,140 65,141 65,142 65,143 65,144 65,145 65,146 65,147 65,148 65,149 65,150 65,151 65,152 65,153 65,154 65,155 65,156 65,157 65,158 65,159 65,160 65,161 65,162
65,173 65,174 65,175 65,176 65,177 65,178 65,179 65,180 65,181 65,183 65,184 65,185 65,186 65,187 65,188 65,189 65,190 65,191 65,192 65,193
66,50 66,51 66,52 66,53 66,54 66,55 66,56 66,57 66,58 66,59 66,60 66,61 66,62 66,63 66,64 66,65 66,66 66,67 66,68 66,71 66,72 66,73 66,74 66,75 66,76 66,77 66,78 66,79 66,80 66,81 66,82 66,83 66,84 66,85 66,86 66,87 66,88 66,89 66,90 66,91 66,92
66,96 66,97 66,98 66,99 66,100 66,101 66,102 66,103 66,104 66,105 66,106 66,107 66,108 66,109 66,110 66,111 66,112 66,113 66,114 66,115 66,116 66,117 66,118
66,123 66,124 66,125 66,126 66,127 66,128 66,129 66,130 66,131 66,132 66,133 66,134 66,135 66,136 66,137 66,138 66,139 66,140 66,141 66,142 66,143 66,144 66,145 66,146 66,147 66,148 66,149 66,150 66,151 66,152 66,153 66,154 66,155 66,156 66,157 66,158 66,159 66,160 66,161 66,162
66,170 66,171 66,172 66,173 66,175 66,176 66,177 66,178 66,179 66,180 66,181 66,183 66,184 66,185 66,186 66,187 66,190 66,191 66,192 66,193
67,83 67,84 67,85 67,86 67,87 67,88 67,89 67,90 67,91
67,96 67,97 67,98 67,99 67,100 67,101 67,102 67,103 67,104 67,105 67,106 67,107 67,108 67,109 67,110 67,111 67,112 67,113 67,114 67,115 67,116 67,117
67,123 67,124 67,125 67,126 67,127 67,128 67,129 67,130 67,131 67,132 67,133 67,134 67,135 67,136 67,137 67,138 67,139 67,140 67,141 67,142 67,143 67,144 67,145 67,146 67,147 67,148 67,149 67,150 67,151 67,152 67,153 67,154 67,155 67,156 67,157 67,158 67,159 67,160 67,161
67,173 67,174 67,175 67,176 67,177 67,178 67,179 67,180 67,181 67,182 67,183 67,184 67,185 67,186 67,187 67,188 67,191 67,192 67,193
68,84 68,85 68,86 68,87 68,88 68,89 68,90 68,91 68,92 68,93 68,94
68,100 68,101 68,102 68,103
68,124 68,125 68,126 68,127 68,128 68,129
68,155 68,156 68,157 68,158
68,173 68,174 68,175 68,176 68,177 68,178 68,179 68,180 68,181 68,182 68,183 68,184 68,185 68,186 68,187 68,188 68,189 68,190 68,191 68,192 68,193
69,86 69,87 69,88 69,89 69,90 69,91 69,92 69,93 69,94 69,95
69,170 69,172 69,173 69,174 69,175 69,176 69,177
69,183 69,184 69,185 69,186 69,188 69,189 69,191 69,192 69,193
70,89 70,90 70,91 70,92 70,93 70,94 70,95 70,96 70,97 70,98 70,99 70,100 70,101 70,102 70,103 70,104 70,105 70,106 70,107 70,108 70,109 70,110 70,111 70,112 70,113 70,114 70,115 70,116 70,117 70,118 70,119 70,120 70,121 70,122 70,123 70,124 70,125 70,126 70,127 70,128 70,129 70,130 70,131 70,132 70,133 70,134 70,135 70,136 70,137 70,138 70,139 70,140 70,141 70,142 70,143 70,144 70,145 70,146 70,147 70,148 70,149 70,150 70,151 70,152 70,153 70,154 70,155 70,156 70,157 70,158 70,159 70,160 70,161 70,162 70,163 70,164 70,165 70,166 70,167 70,168 70,169 70,170 70,171 70,172 70,173 70,174 70,175 70,176 70,177
70,183 70,184 70,185 70,186 70,187 70,188 70,189 70,190 70,191 70,192 70,193
71,91 71,92 71,93 71,94 71,95 71,96 71,97 71,98 71,99 71,100 71,101 71,102 71,103 71,104 71,105 71,106 71,107 71,108 71,109 71,110 71,111 71,112 71,113 71,114 71,115 71,116 71,117 71,118 71,119 71,120 71,121 71,122 71,123 71,124 71,125 71,126 71,127 71,128 71,129 71,130 71,131 71,132 71,133 71,134 71,135 71,136 71,137 71,138 71,139 71,140 71,141 71,142 71,143 71,144 71,145 71,146 71,147 71,148 71,149 71,150 71,151 71,152 71,153 71,154 71,155 71,156 71,157 71,158 71,159 71,160 71,161 71,162 71,163 71,164 71,165 71,166 71,167 71,168 71,169 71,170 71,171 71,172 71,173 71,174 71,175 71,176
71,184 71,185 71,186 71,187 71,188 71,189 71,190 71,191 71,192 71,193
