90,301
94,293 94,294
95,292 95,293 95,294 95,296 95,297 95,298 95,299
96,290 96,292 96,293 96,294
96,298 96,299 96,301 96,302
98,289 98,290 98,292 98,293
98,299 98,301 98,302 98,303 98,305 98,306
99,289 99,290 99,292
99,303 99,305 99,306 99,307
100,288 100,289 100,290 100,292
100,306 100,307 100,309 100,310
102,286 102,288 102,289
102,292
102,307 102,309 102,310 102,311 102,312
103,284 103,285 103,286 103,288 103,289 103,290
103,311 103,312 103,314 103,315 103,316 103,318 103,319
104,283 104,284 104,285
104,288
104,303
104,316 104,318 104,319 104,320
105,283 105,284 105,285
105,305
105,319 105,320 105,322 105,323 105,324
107,281 107,283 107,284
107,286
107,322 107,323 107,324 107,326 107,327
108,280 108,281 108,283
108,324 108,326 108,327 108,328 108,329
108,332 108,333
109,277 109,279 109,280 109,281
109,284
109,328 109,329 109,331 109,332 109,333 109,335
111,273
111,276 111,277 111,279 111,280 111,281 111,283
111,332 111,333 111,335 111,336
112,276 112,277 112,279 112,280 112,281
112,333 112,335
113,275 113,276
113,279 113,280 113,281
113,333 113,335
115,273 115,275 115,276 115,277
115,280
115,332 115,333 115,335
116,273 116,275 116,276
116,279
116,329 116,331 116,332 116,333
117,271 117,272 117,273 117,275 117,276 117,277
117,331 117,332
118,268 118,270 118,271 118,272
118,276
118,331 118,332
120,270 120,271
120,273
120,329 120,331
121,268 121,270
121,272 121,273 121,275
121,329 121,331
122,267 122,268 122,270 122,271
122,273
122,328 122,329 122,331
124,266 124,267 124,268 124,270
124,272
124,328 124,329
125,263 125,264 125,266 125,267 125,268 125,270 125,271
125,328 125,329
126,262 126,263 126,264
126,268 126,270
126,327 126,328
128,262 128,263
128,267
128,270
128,327 128,328
129,259
129,262
129,266
129,268
129,327 129,328
130,260 130,262
130,264
130,267
130,326 130,327 130,328
132,258 132,259 132,260 132,262 132,263 132,264 132,266
132,324 132,326 132,327
133,257 133,258 133,259
133,263 133,264
133,324 133,326
134,253
134,255 134,257 134,258
134,260
134,323 134,324 134,326
135,251
135,254 135,255 135,257
135,260 135,262
135,323 135,324
137,254 137,255
137,259
137,262
137,322 137,323 137,324
138,253 138,254
138,260
138,322 138,323
139,251 139,253 139,254
139,257 139,258
139,320 139,322 139,323
141,249 141,250 141,251 141,253
141,255 141,257 141,258
141,320 141,322
142,247 142,249 142,250
142,254
142,257
142,320 142,322
143,247 143,249
143,253
143,255
143,320
145,246 145,247
145,253 145,254
145,320
145,408 145,409
146,246
146,251
146,254
146,319 146,320
146,406 146,408 146,409 146,410 146,411
147,243 147,245 147,246
147,253
147,318 147,319 147,320
147,405 147,406 147,408
147,410 147,411 147,413 147,414 147,415
148,242 148,243 148,245
148,318 148,319
148,402 148,404 148,405
148,414 148,415 148,417 148,418 148,419
150,241 150,242 150,243
150,247
150,316 150,318 150,319
150,402 150,404 150,405
150,417 150,418 150,419 150,421
151,232
151,240 151,241 151,242
151,246 151,247 151,249
151,316 151,318
151,401 151,402 151,404 151,405
151,419 151,421 151,422
151,430
152,238 152,240 152,241
152,245
152,247
152,316 152,318
152,392
152,401 152,402
152,421 152,422 152,423 152,424
154,234
154,238 154,240
154,245 154,246
154,315 154,316
154,400 154,401
154,422 154,423 154,424 154,426 154,427
154,434
155,236 155,237 155,238
155,243
155,246
155,315 155,316
155,397 155,398 155,400 155,401
155,419 155,421
155,426 155,427 155,428 155,430 155,431
156,234 156,236 156,237
156,242
156,245
156,315 156,316
156,397 156,398
156,421
156,428 156,430 156,431
158,232 158,233 158,234 158,236
158,241
158,243
158,315 158,316
158,396 158,397
158,428 158,430
159,232 159,233 159,234
159,242
159,315 159,316
159,395 159,396 159,397
159,428 159,430
159,432
160,230 160,232 160,233
160,315 160,316
160,393 160,395 160,396
160,428 160,430
161,215 161,216 161,217 161,219 161,220 161,221 161,223 161,224 161,225 161,227 161,228 161,229 161,230 161,232
161,237 161,238
161,315 161,316
161,384
161,392 161,393 161,395
161,427 161,428 161,430
163,208 163,210 163,211 163,212 163,214 163,215
163,220 163,221 163,223 163,224 163,225 163,227 163,228 163,229 163,230
163,237 163,238
163,315 163,316
163,391 163,392 163,393
163,427 163,428
164,204 164,206 164,207 164,208 164,210
164,227 164,228 164,229
164,236
164,238
164,315 164,316
164,389 164,391
164,427
165,207 165,208 165,210
165,217 165,219 165,220 165,221 165,223 165,224 165,225
165,228
165,237
165,315 165,316
165,388 165,389 165,391
165,427
167,208 167,210 167,211 167,212 167,214 167,215 167,216 167,217 167,219 167,220 167,221 167,223 167,224 167,225 167,227
167,233 167,234
167,315 167,316
167,385 167,387 167,388 167,389
167,427
168,214 168,215 168,216 168,217 168,219 168,220 168,221 168,223 168,224
168,234 168,236
168,315 168,316
168,383
168,385 168,387 168,388
168,426 168,427
169,224
169,230
169,315 169,316
169,384 169,385 169,387
169,411 169,413
169,426 169,427
171,186
171,195 171,197
171,202 171,203 171,204 171,206 171,207 171,208 171,210 171,211 171,212 171,214 171,215 171,216 171,217 171,219 171,220 171,221 171,223 171,224
171,229
171,232
171,315 171,316
171,383 171,384 171,385
171,413
171,424 171,426 171,427
172,184
172,193 172,194 172,195 172,197 172,198 172,199 172,201 172,202 172,203 172,204 172,206 172,207 172,208 172,210 172,211 172,212 172,214 172,215 172,216 172,217 172,219 172,220 172,221 172,223
172,229 172,230
172,315 172,316
172,382 172,383
172,424 172,426
173,189 173,190 173,191 173,193 173,194 173,195 173,197 173,198 173,199 173,201
173,217 173,219 173,220 173,221
173,228
173,230
173,315 173,316
173,376
173,382 173,383 173,384
173,424 173,426
174,185 174,186 174,188 174,189 174,190 174,191 174,193
174,198 174,199 174,201
174,212
174,216 174,217 174,219 174,220
174,227
174,229
174,315 174,316
174,380 174,382 174,383
174,423 174,424 174,426
176,182 176,184 176,185 176,186 176,188 176,189 176,190 176,191
176,198 176,199 176,201
176,214 176,215 176,216 176,217 176,219
176,225 176,227 176,228
176,315 176,316
176,379 176,380 176,382
176,423 176,424
177,180 177,181 177,182 177,184 177,185 177,186
177,197 177,198 177,199 177,201
177,214 177,215 177,216 177,217
177,224 177,225 177,227 177,228
177,315 177,316
177,378 177,379 177,380
177,423 177,424
178,178 178,180 178,181 178,182 178,184 178,185
178,198 178,199 178,201
178,207
178,212 178,214 178,215 178,216
178,223
178,225 178,227
178,315 178,316
178,375 178,376 178,378 178,379
178,422 178,423 178,424
180,180 180,181 180,182 180,184 180,185 180,186 180,188
180,198 180,199 180,201
180,207 180,208
180,212 180,214 180,215
180,223 180,224
180,315 180,316
180,375 180,376
180,422 180,423
181,182 181,184 181,185 181,186 181,188 181,189 181,190 181,191
181,198 181,199 181,201
181,210 181,211 181,212 181,214 181,215
181,221
181,224
181,315 181,316
181,371
181,374 181,375
181,422 181,423
182,184 182,185 182,186 182,188 182,189 182,190 182,191 182,193 182,194
182,198 182,199 182,201
182,208 182,210 182,211 182,212 182,214
182,221 182,223
182,315 182,316
182,372 182,374 182,375
182,421 182,422 182,423
184,185 184,186 184,188 184,189 184,190 184,191 184,193 184,194 184,195 184,197 184,198 184,199 184,201
184,207 184,208 184,210 184,211 184,212
184,220
184,223
184,315 184,316
184,366
184,371 184,372 184,374
184,421 184,422
185,188 185,189 185,190 185,191 185,193 185,194 185,195 185,197 185,198 185,199 185,201 185,202 185,203 185,204 185,206 185,207 185,208 185,210 185,211
185,217 185,219
185,221
185,315 185,316
185,367
185,370 185,371 185,372
185,419 185,421 185,422
186,207 186,208 186,210
186,219 186,220
186,315 186,316
186,367 186,368 186,370 186,371
186,419 186,421
188,193 188,194
188,203
188,206 188,207 188,208
188,315 188,316
188,359
188,367 188,368
188,419 188,421
189,202
189,204 189,206 189,207
189,215
189,315 189,316
189,363
189,366 189,367
189,419 189,421
190,202 190,203 190,204 190,206
190,215 190,216
190,315 190,316
190,365 190,366 190,367
190,419
191,202 191,203 191,204
191,212 191,214
191,216
191,315 191,316
191,363 191,365 191,366
191,398
191,419
193,201 193,202 193,203
193,211
193,214 193,215
193,315 193,316
193,357
193,362 193,363 193,365
193,400
193,418 193,419
194,201 194,202
194,210 194,211 194,212
194,315 194,316
194,361 194,362 194,363
194,418 194,419
195,198 195,199 195,201
195,208 195,210 195,211 195,212
195,315 195,316
195,359 195,361 195,362
195,418 195,419
197,198 197,199 197,201
197,208 197,210 197,211
197,315 197,316
197,359 197,361
197,396
197,417 197,418 197,419
198,197 198,198 198,199
198,207
198,210
198,315 198,316
198,358 198,359
198,396 198,397
198,417 198,418
199,195 199,197 199,198
199,206 199,207 199,208
199,315 199,316
199,357 199,358 199,359
199,397
199,415 199,417 199,418
201,193 201,194 201,195 201,197
201,204
201,207 201,208
201,315 201,316
201,354 201,355 201,357 201,358
201,415 201,417
202,193 202,194
202,204 202,206
202,315 202,316
202,353 202,354 202,355
202,415 202,417
203,191 203,193
203,203
203,206
203,315 203,316
203,353 203,354
203,414 203,415 203,417
204,190 204,191 204,193
204,202
204,204
204,315 204,316
204,352 204,353
204,414 204,415
206,186
206,189 206,190 206,191
206,201
206,203
206,314 206,315 206,316
206,350 206,352 206,353
206,404 206,405 206,406
206,409 206,410 206,411 206,413 206,414 206,415
207,188 207,189 207,190
207,199
207,202
207,315 207,316
207,349 207,350 207,352
207,405
207,408 207,409 207,410
207,413 207,414 207,415 207,417 207,418 207,419 207,421 207,422 207,423 207,424 207,426 207,427 207,428 207,430 207,431 207,432 207,434 207,435 207,436 207,438 207,439
208,186 208,188 208,189
208,198 208,199 208,201
208,316 208,318 208,319 208,320 208,322 208,323 208,324 208,326 208,327 208,328 208,329 208,331 208,332 208,333 208,335 208,336 208,337 208,339 208,340 208,341 208,342 208,344 208,345 208,346 208,348 208,349 208,350
208,415 208,417 208,418 208,419 208,421 208,422 208,423 208,424 208,426 208,427 208,428 208,430 208,431 208,432 208,434 208,435 208,436 208,438 208,439 208,440 208,441 208,443 208,444 208,445 208,447 208,448 208,449
210,185 210,186
210,199
210,404 210,405 210,406 210,408 210,409 210,410 210,411 210,413 210,414 210,415 210,417 210,418 210,419 210,421 210,422 210,423 210,424 210,426 210,427 210,428 210,430 210,431 210,432 210,434 210,435 210,436 210,438 210,439 210,440 210,441 210,443 210,444 210,445 210,447 210,448 210,449
211,184 211,185 211,186 211,188 211,189 211,190 211,191
211,398 211,400 211,401 211,402 211,404 211,405 211,406 211,408 211,409 211,410 211,411 211,413 211,414 211,415 211,417 211,418 211,419 211,421 211,422 211,423 211,424 211,426 211,427 211,428 211,430 211,431 211,432 211,434 211,435 211,436 211,438 211,439 211,440 211,441 211,443 211,444 211,445 211,447 211,448 211,449
212,171 212,172 212,173 212,174 212,176 212,177 212,178 212,180 212,181 212,182 212,184 212,185 212,186 212,188 212,189 212,190 212,191
212,395 212,396 212,397 212,398 212,400 212,401 212,402
214,161 214,163 214,164 214,165 214,167 214,168 214,169 214,171 214,172 214,173 214,174 214,176 214,177 214,178 214,180
214,391 214,392 214,393 214,395 214,396 214,397
215,154 215,155 215,156 215,158 215,159 215,160 215,161 215,163 215,164 215,165 215,167 215,168 215,169
215,383 215,384 215,385 215,387 215,388 215,389 215,391 215,392 215,393 215,395
216,154 216,155 216,156 216,158 216,159
216,379 216,380 216,382 216,383 216,384 216,385 216,387
217,154 217,155
217,375 217,376 217,378 217,379 217,380 217,382 217,383 217,384
217,391
219,154 219,155
219,374 219,375 219,376 219,378 219,379
219,383 219,384 219,385 219,387 219,388 219,389 219,391 219,392 219,393 219,395 219,396
220,154 220,155
220,375 220,376 220,378 220,379 220,380 220,382 220,383 220,384 220,385 220,387 220,388 220,389 220,391 220,392 220,393 220,395 220,396 220,397 220,398
221,154 221,155
221,375
221,378 221,379 221,380
221,397 221,398
223,154
223,262 223,263
223,379 223,380
223,396
223,398
224,154
224,262 224,263
224,379 224,380
224,396 224,397 224,398 224,400 224,401
224,409 224,410 224,411
225,154 225,155
225,379 225,380
225,396
225,398 225,400 225,401 225,402 225,404 225,405 225,406 225,408 225,409 225,410 225,411
227,154
227,379 227,380 227,382 227,383 227,384 227,385 227,387 227,388 227,389 227,391 227,392 227,393 227,395 227,396 227,397 227,398 227,400
227,411
228,154 228,155
228,378 228,379 228,380 228,382 228,383 228,384 228,385 228,387 228,388 228,389 228,391 228,392 228,393 228,395 228,396 228,397 228,398 228,400
228,411
229,154 229,155
229,379 229,380
229,396 229,397 229,398 229,400
229,402 229,404
229,411 229,413
230,154 230,155
230,379 230,380
230,396 230,397 230,398 230,400 230,401 230,402
230,411
232,152 232,154 232,155
232,379 232,380
232,396 232,397 232,398 232,400
232,411
233,125 233,126 233,128 233,129 233,130 233,132 233,133 233,134 233,135 233,137 233,138 233,139 233,141 233,142 233,143 233,145 233,146 233,147 233,148 233,150 233,151 233,152 233,154 233,155
233,379 233,380
233,396 233,397 233,398 233,400
233,411
234,112 234,113 234,115 234,116 234,117 234,118 234,120 234,121 234,122 234,124 234,125 234,126 234,128 234,129 234,130 234,132 234,133 234,134 234,135 234,137 234,138 234,139 234,141 234,142 234,143 234,145 234,146 234,147 234,148 234,150 234,151 234,152 234,154
234,379 234,380
234,396 234,397 234,398 234,400
234,411
236,104 236,105 236,107 236,108 236,109 236,111 236,112 236,113 236,115 236,116 236,117 236,118 236,120 236,121 236,122
236,379 236,380
236,396 236,397 236,398 236,400
236,411
237,91
237,99 237,100 237,102 237,103 237,104 237,105 237,107 237,108 237,109
237,379 237,380
237,396 237,397 237,398 237,400
237,411
238,91 238,92 238,94 238,95 238,96 238,98 238,99 238,100 238,102 238,103
238,379 238,380
238,396 238,397 238,398 238,400
238,411
240,87 240,89 240,90 240,91 240,92 240,94
240,96
240,133
240,141
240,167
240,379
240,396 240,397 240,398 240,400
240,411
241,85 241,86 241,87 241,89 241,90
241,96
241,134
241,139
241,165
241,168
241,396 241,397 241,398 241,400 241,401 241,402 241,404 241,405 241,406 241,408 241,409 241,410 241,411
242,81 242,82 242,83 242,85 242,86 242,87
242,96 242,98
242,396 242,397 242,398 242,400 242,401 242,402 242,404 242,405 242,406 242,408 242,409 242,410 242,411
243,79 243,81 243,82 243,83
243,95
243,98
243,326 243,327 243,328 243,329 243,331 243,332 243,333 243,335 243,336
243,396 243,397 243,398
245,77 245,78 245,79 245,81 245,82 245,83
245,326 245,327 245,328 245,329 245,331 245,332 245,333 245,335 245,336 245,337 245,339 245,340 245,341 245,342 245,344 245,345 245,346 245,348 245,349 245,350 245,352 245,353 245,354 245,355 245,357 245,358 245,359 245,361 245,362 245,363 245,365 245,366 245,367
245,396 245,397 245,398
246,72 246,73 246,74 246,76 246,77 246,78 246,79
246,82 246,83 246,85
246,324 246,326 246,327
246,350 246,352 246,353 246,354 246,355 246,357 246,358 246,359 246,361 246,362 246,363 246,365 246,366 246,367 246,368 246,370 246,371 246,372 246,374 246,375 246,376 246,378 246,379 246,380 246,382 246,383 246,384 246,385 246,387 246,388 246,389 246,391 246,392 246,393 246,395 246,396 246,397 246,398
247,72 247,73 247,74
247,78
247,324 247,326 247,327
247,370 247,371
247,374 247,375 247,376 247,378 247,379 247,380 247,382 247,383 247,384 247,385 247,387 247,388 247,389 247,391 247,392 247,393 247,395 247,396 247,397 247,398
249,49 249,51 249,52 249,53 249,55 249,56 249,57 249,59 249,60 249,61 249,62 249,64 249,65 249,66 249,68 249,69 249,70 249,72 249,73
249,279 249,280 249,281 249,283 249,284 249,285 249,286 249,288 249,289 249,290 249,292 249,293 249,294 249,296 249,297
249,324 249,326
250,49 250,51 250,52 250,53 250,55 250,56 250,57 250,59 250,60 250,61 250,62 250,64 250,65 250,66 250,68 250,69 250,70 250,72 250,73
250,277 250,279 250,280 250,281 250,283 250,284 250,285 250,286 250,288 250,289 250,290 250,292 250,293 250,294 250,296 250,297 250,298
250,323 250,324
250,327
251,72 251,73 251,74
251,323 251,324 251,326
251,370 251,371
251,375 251,376 251,378 251,379 251,380 251,382 251,383 251,384 251,385 251,387 251,388 251,389 251,391 251,392 251,393 251,395 251,396
253,72 253,73 253,74 253,76 253,77 253,78 253,79
253,323 253,324 253,326 253,327
253,350 253,352 253,353 253,354 253,355 253,357 253,358 253,359 253,361 253,362 253,363 253,365 253,366 253,367 253,368 253,370 253,371 253,372 253,374 253,375 253,376 253,378 253,379 253,380 253,382 253,383 253,384 253,385 253,387 253,388 253,389 253,391 253,392 253,393 253,395 253,396 253,397 253,398
254,77 254,78 254,79 254,81
254,326 254,327 254,328 254,329 254,331 254,332 254,333 254,335 254,336 254,337 254,339 254,340 254,341 254,342 254,344 254,345 254,346 254,348 254,349 254,350 254,352 254,353 254,354 254,355 254,357 254,358 254,359 254,361 254,362 254,363 254,365 254,366 254,367
254,379 254,380
254,396 254,397 254,398
255,79 255,81 255,82 255,83 255,85
255,327 255,328 255,329 255,331 255,332 255,333 255,335 255,336
255,379 255,380
255,396 255,397 255,398
257,81 257,82 257,83 257,85 257,86 257,87
257,379 257,380
257,396 257,397 257,398 257,400 257,401 257,402 257,404 257,405 257,406 257,408 257,409 257,410 257,411
258,85 258,86 258,87 258,89 258,90 258,91
258,378 258,379 258,380
258,396 258,397 258,398 258,400 258,401 258,402 258,404 258,405 258,406 258,408 258,409 258,410 258,411
259,87 259,89 259,90 259,91 259,92 259,94 259,95
259,379 259,380 259,382 259,383 259,384 259,385 259,387 259,388 259,389 259,391 259,392 259,393 259,395 259,396 259,397 259,398 259,400
259,411
260,90 260,91 260,92 260,94 260,95 260,96 260,98 260,99 260,100 260,102 260,103 260,104
260,378 260,379 260,380 260,382 260,383 260,384 260,385 260,387 260,388 260,389 260,391 260,392 260,393 260,395 260,396 260,397 260,398 260,400
260,411
262,100 262,102 262,103 262,104 262,105 262,107 262,108 262,109 262,111
262,379 262,380
262,396 262,397 262,398 262,400
262,411
263,104 263,105 263,107 263,108 263,109 263,111 263,112 263,113 263,115 263,116 263,117 263,118 263,120 263,121 263,122 263,124
263,379 263,380
263,396 263,397 263,398 263,400
263,411
264,112 264,113 264,115 264,116 264,117 264,118 264,120 264,121 264,122 264,124 264,125 264,126 264,128 264,129 264,130 264,132 264,133 264,134 264,135 264,137 264,138 264,139 264,141 264,142 264,143 264,145 264,146 264,147 264,148 264,150 264,151 264,152 264,154 264,155
264,379 264,380
264,396 264,397 264,398 264,400
264,411
266,125 266,126 266,128 266,129 266,130 266,132 266,133 266,134 266,135 266,137 266,138 266,139 266,141 266,142 266,143 266,145 266,146 266,147 266,148 266,150 266,151 266,152 266,154 266,155
266,379 266,380
266,396 266,397 266,398 266,400
266,411
267,154 267,155
267,380
267,396 267,397 267,398 267,400
267,411
268,154 268,155
268,396 268,397 268,398 268,400
268,411
270,154 270,155
270,380
270,396 270,397 270,398 270,400
270,411
271,154 271,155
271,379
271,396 271,397 271,398 271,400
271,411
272,154 272,155
272,396 272,397 272,398 272,400
272,411
273,154 273,155
273,396 273,397 273,398 273,400 273,401 273,402 273,404 273,405 273,406 273,408 273,409 273,410 273,411
275,154 275,155
275,396 275,397 275,398 275,400 275,401
275,404
275,408
275,411
276,154 276,155
276,396 276,397 276,398
277,154 277,155
277,396 277,397 277,398
279,154 279,155
279,374 279,375 279,376 279,378 279,379 279,380 279,382 279,383 279,384 279,385 279,387 279,388 279,389 279,391 279,392 279,393 279,395 279,396 279,397 279,398
280,154 280,155
280,374 280,375 280,376 280,378 280,379 280,380 280,382 280,383 280,384 280,385 280,387 280,388 280,389 280,391 280,392 280,393 280,395 280,396 280,397 280,398
281,154 281,155
281,374 281,375 281,376 281,378 281,379 281,380 281,382
283,154 283,155 283,156 283,158 283,159 283,160
283,379 283,380 283,382 283,383 283,384 283,385
284,154 284,155 284,156 284,158 284,159 284,160 284,161 284,163 284,164 284,165 284,167 284,168 284,169
284,383 284,384 284,385 284,387 284,388 284,389 284,391 284,392 284,393 284,395
285,161 285,163 285,164 285,165 285,167 285,168 285,169 285,171 285,172 285,173 285,174 285,176 285,177 285,178 285,180 285,181 285,182
285,391 285,392 285,393 285,395 285,396 285,397
286,171 286,172 286,173 286,174 286,176 286,177 286,178 286,180 286,181 286,182 286,184 286,185 286,186 286,188 286,189 286,190 286,191 286,193 286,194 286,195 286,197 286,198 286,199
286,396 286,397 286,398 286,400 286,401 286,402
288,184 288,185 288,186 288,188 288,189 288,190 288,191 288,193 288,194 288,195 288,197 288,198 288,199
288,398 288,400 288,401 288,402 288,404 288,405 288,406 288,408 288,409 288,410 288,411 288,413 288,414 288,415 288,417 288,418 288,419 288,421 288,422 288,423 288,424 288,426 288,427 288,428 288,430 288,431 288,432 288,434 288,435 288,436 288,438 288,439 288,440 288,441 288,443 288,444 288,445 288,447 288,448 288,449
289,185 289,186
289,194
289,197 289,198
289,404 289,405 289,406 289,408 289,409 289,410 289,411 289,413 289,414 289,415 289,417 289,418 289,419 289,421 289,422 289,423 289,424 289,426 289,427 289,428 289,430 289,431 289,432 289,434 289,435 289,436 289,438 289,439 289,440 289,441 289,443 289,444 289,445 289,447 289,448 289,449
290,186 290,188 290,189
290,201
290,315 290,316 290,318 290,319 290,320 290,322 290,323 290,324 290,326 290,327 290,328 290,329 290,331 290,332 290,333 290,335 290,336 290,337 290,339 290,340 290,341 290,342 290,344 290,345 290,346 290,348 290,349 290,350
290,415 290,417 290,418 290,419 290,421 290,422 290,423 290,424 290,426 290,427 290,428 290,430 290,431 290,432 290,434 290,435 290,436 290,438 290,439 290,440 290,441 290,443 290,444 290,445 290,447 290,448 290,449
292,188 292,189 292,190
292,199
292,315 292,316 292,318
292,349 292,350 292,352
292,409
292,414 292,415 292,417 292,418 292,419 292,421 292,422 292,423 292,424 292,426 292,427 292,428 292,430 292,431 292,432 292,434 292,435 292,436 292,438 292,439 292,440
293,189 293,190 293,191
293,203
293,315 293,316
293,348
293,350 293,352 293,353
293,410
293,414 293,415
294,189 294,190 294,191 294,193
294,202
294,315 294,316
294,350 294,352 294,353
294,414 294,415
296,191 296,193
296,315 296,316
296,353 296,354
296,414 296,415 296,417
297,193 297,194
297,315 297,316
297,353 297,354 297,355
297,415 297,417
298,193 298,194 298,195 298,197
298,208
298,315 298,316
298,354 298,355 298,357 298,358
298,415 298,417
299,195 299,197 299,198
299,207 299,208
299,315 299,316
299,357 299,358 299,359
299,415 299,417 299,418
301,197 301,198 301,199
301,210
301,315 301,316
301,358 301,359
301,417 301,418
302,198 302,199 302,201
302,208
302,211
302,315 302,316
302,359 302,361
302,417 302,418 302,419
303,199 303,201
303,210
303,315 303,316
303,359 303,361 303,362
303,418 303,419
305,201
305,212
305,315 305,316
305,361 305,362 305,363
305,418 305,419
306,201 306,202 306,203
306,211
306,214 306,215
306,315 306,316
306,362 306,363 306,365
306,418 306,419
307,197
307,203 307,204
307,212 307,214
307,315 307,316
307,363 307,365 307,366
307,419
309,198
309,203 309,204 309,206
309,315 309,316
309,365 309,366 309,367
309,419
310,204 310,206 310,207
310,315 310,316
310,366 310,367
310,419 310,421
311,206 311,207 311,208
311,315 311,316
311,367 311,368
311,419 311,421
312,197
312,207 312,208
312,220
312,315 312,316
312,366 312,367 312,368 312,370 312,371
312,419 312,421
314,188 314,189
314,191 314,193 314,194 314,195 314,197 314,198 314,199 314,201 314,202 314,203 314,204 314,206 314,207 314,208 314,210 314,211
314,219
314,315 314,316
314,370 314,371 314,372
314,419 314,421 314,422
315,186 315,188 315,189 315,190 315,191 315,193 315,194 315,195 315,197 315,198 315,199 315,201
315,206
315,208 315,210 315,211
315,315 315,316
315,371 315,372 315,374
315,421 315,422
316,185 316,186 316,188 316,189 316,190 316,191 316,193
316,195
316,198 316,199 316,201 316,202
316,204
316,210 316,211 316,212 316,214
316,315 316,316
316,372 316,374 316,375
316,421 316,422
318,182 318,184 318,185 318,186 318,188 318,189
318,197 318,198 318,199 318,201
318,203
318,206
318,210 318,211 318,212 318,214
318,224
318,315 318,316
318,374 318,375
318,422 318,423
319,180 319,181 319,182 319,184 319,185 319,186
319,198 319,199 319,201
319,211 319,212 319,214 319,215
319,223 319,224
319,315 319,316
319,375 319,376
319,422 319,423
320,178 320,180 320,181 320,182 320,184 320,185
320,198 320,199 320,201
320,212 320,214 320,215 320,216
320,225 320,227
320,315 320,316
320,375 320,376 320,378 320,379
320,422 320,423
322,178 322,180 322,181 322,182 322,184 322,185 322,186 322,188
322,198 322,199 322,201
322,214 322,215 322,216 322,217
322,224 322,225
322,315 322,316
322,378 322,379 322,380
322,423 322,424
323,178
323,181 323,182 323,184 323,185 323,186 323,188 323,189 323,190 323,191
323,198 323,199 323,201
323,215 323,216 323,217 323,219
323,315 323,316
323,379 323,380 323,382
323,423 323,424
324,184 324,185 324,186 324,188 324,189 324,190 324,191 324,193 324,194
324,198 324,199 324,201
324,216 324,217 324,219 324,220
324,315 324,316
324,380 324,382 324,383
324,424 324,426
326,185 326,186 326,188 326,189 326,190 326,191 326,193 326,194 326,195 326,197 326,198 326,199 326,201
326,217 326,219 326,220 326,221
326,230
326,315 326,316
326,382 326,383
326,424 326,426
327,188 327,189 327,190 327,191 327,193 327,194 327,195 327,197 327,198 327,199 327,201 327,202 327,203 327,204 327,206 327,207 327,208 327,210 327,211 327,212 327,214 327,215 327,216 327,217 327,219 327,220 327,221 327,223
327,229
327,315 327,316
327,383
327,424 327,426
328,194 328,195 328,197 328,198
328,202 328,203 328,204 328,206 328,207 328,208 328,210 328,211 328,212 328,214 328,215 328,216 328,217 328,219 328,220 328,221 328,223 328,224
328,315 328,316
328,383 328,384 328,385
328,424 328,426
329,224 329,225
329,315 329,316
329,384 329,385 329,387
329,426 329,427
331,216 331,217 331,219 331,220 331,221 331,223 331,224 331,225 331,227
331,315 331,316
331,385 331,387 331,388
331,426 331,427
332,210 332,211 332,212 332,214 332,215 332,216
332,219
332,223 332,224 332,225 332,227
332,315 332,316
332,387 332,388 332,389
332,427
333,207 333,208 333,210
333,220
333,223 333,224 333,225 333,227 333,228
333,315 333,316
333,388 333,389 333,391
333,427
335,206 335,207 335,208
335,225 335,227 335,228 335,229
335,315 335,316
335,389 335,391
335,427
336,206 336,207 336,208 336,210 336,211 336,212 336,214
336,227 336,228 336,229 336,230
336,315 336,316
336,391 336,392 336,393
336,427 336,428
337,214 337,215 337,216 337,217 337,219 337,220 337,221 337,223 337,224 337,225 337,227 337,228 337,229 337,230 337,232
337,240
337,315 337,316
337,392 337,393 337,395
337,427 337,428
339,232 339,233
339,238
339,315 339,316
339,393 339,395 339,396
339,428 339,430
340,232 340,233 340,234
340,315 340,316
340,395 340,396 340,397
340,428 340,430
340,432
341,233 341,234 341,236
341,315 341,316
341,396 341,397
341,428 341,430
342,234 342,236 342,237
342,315 342,316
342,397 342,398
342,428 342,430 342,431
344,236 344,237 344,238
344,246
344,315 344,316
344,397 344,398 344,400
344,426 344,427 344,428 344,430 344,431
345,238 345,240
345,245
345,315 345,316
345,400 345,401
345,423 345,424 345,426 345,427
346,238 346,240 346,241
346,316 346,318
346,401 346,402
346,421 346,422 346,423 346,424
348,238 348,240 348,241 348,242
348,249
348,316 348,318
348,402 348,404
348,419 348,421 348,422
349,241 349,242 349,243
349,247
349,316 349,318 349,319
349,402 349,404 349,405
349,417 349,418 349,419
350,242 350,243 350,245
350,318 350,319
350,404 350,405
350,414 350,415 350,417 350,418
352,243 352,245 352,246
352,253
352,318 352,319 352,320
352,405 352,406 352,408 352,409 352,410 352,411 352,413 352,414 352,415
353,246
353,251
353,254
353,319 353,320
353,406 353,408 353,409 353,410 353,411
354,246 354,247
354,253
354,320
354,408 354,409 354,410
355,246 355,247 355,249
355,255
355,320
357,247 357,249 357,250
357,254
357,257
357,320 357,322
358,249 358,250 358,251 358,253
358,255 358,257 358,258
358,320 358,322
359,251 359,253 359,254 359,255 359,257
359,320 359,322 359,323
361,250
361,253 361,254
361,322 361,323
362,251
362,254 362,255
362,262
362,323 362,324
363,254 363,255 363,257
363,260 363,262
363,323 363,324
365,254 365,255 365,257 365,258
365,260
365,323 365,324 365,326
366,255 366,257 366,258 366,259 366,260
366,264
366,324 366,326
367,258 367,259 367,260
367,263 367,264 367,266
367,324 367,326 367,327
368,260 368,262
368,264
368,267
368,326 368,327
370,262
370,266
370,327 370,328
371,262 371,263
371,327 371,328
372,262 372,263 372,264
372,270
372,328 372,329
374,263 374,264 374,266 374,267 374,268 374,270 374,271
374,328
375,266 375,267 375,268 375,270 375,271 375,272
375,328 375,329
376,267 376,268 376,270 376,271
376,273
376,328 376,329 376,331
378,268 378,270
378,272
378,275
378,329 378,331
379,268 379,270 379,271
379,273
379,329 379,331
380,270 380,271 380,272
380,331 380,332
382,271 382,272 382,273 382,275 382,276
382,331 382,332
383,272 383,273 383,275 383,276
383,331 383,332 383,333
384,273 384,275 384,276
384,280
384,332 384,333 384,335
385,275 385,276
385,279 385,280 385,281
385,333 385,335
387,276 387,277 387,279 387,280 387,281 387,283
387,333 387,335
388,276 388,277 388,279
388,281 388,283
388,332 388,333 388,335 388,336
389,277 389,279 389,280 389,281
389,327 389,328 389,329 389,331 389,332 389,333 389,335
391,280 391,281 391,283 391,284
391,324 391,326 391,327 391,328 391,329
392,281 392,283 392,284 392,285
392,322 392,323 392,324 392,326 392,327
393,283 393,284 393,285 393,286
393,319 393,320 393,322 393,323 393,324
395,284 395,285
395,316 395,318 395,319 395,320
396,284 396,285 396,286 396,288 396,289
396,311 396,312 396,314 396,315 396,316 396,318 396,319
397,286 397,288 397,289 397,290 397,292
397,307 397,309 397,310 397,311 397,312
398,288 398,289 398,290
398,306 398,307 398,309 398,310 398,311
400,285
400,288 400,289 400,290 400,292
400,303 400,305 400,306 400,307
401,290 401,292
401,299 401,301 401,302 401,303 401,305 401,306
401,310
402,290 402,292
402,298 402,299 402,301 402,302 402,303
404,292 404,293 404,294 404,296 404,297 404,298 404,299
405,293 405,294
406,290
