10,170 10,171 10,172 10,173 10,174 10,175 10,176 10,177 10,178 10,179
13,165 13,166 13,167 13,168 13,169
13,180 13,181 13,182 13,183 13,184
16,162 16,163 16,164
18,160 18,161 18,162 18,165 18,167 18,168 18,169
23,162 23,164 23,165
26,155 26,156 26,157
29,152 29,153 29,154 29,155
30,152 30,154 30,155
31,150 31,151 31,152 31,154 31,155 31,157 31,158 31,159 31,160
33,150 33,152 33,154 33,155 33,157 33,158
33,182 33,183 33,184
34,148 34,149 34,152 34,154 34,155
34,182 34,183 34,184
36,148 36,149 36,150 36,151 36,152 36,154 36,155 36,157 36,158 36,159
37,148 37,149 37,150
38,148 38,149 38,150
38,154 38,155 38,157 38,158
38,168 38,169 38,172
39,145 39,146 39,147 39,148 39,149 39,150 39,152 39,155 39,157 39,158 39,159
39,165 39,167 39,168 39,169 39,170 39,172
40,145 40,147 40,148
41,145 41,147 41,148 41,149 41,150 41,152 41,154 41,155 41,157 41,158 41,159 41,160 41,161 41,162 41,163 41,164 41,165 41,167 41,169 41,170 41,172
41,180 41,181 41,182
42,142 42,143 42,144 42,145 42,147 42,148 42,149 42,152 42,154 42,155 42,157 42,158 42,159 42,160 42,161 42,162 42,163 42,164
43,142 43,144 43,145 43,146 43,147 43,148
43,152 43,154 43,155
43,168 43,169 43,170
44,140 44,141 44,142 44,144 44,145 44,146 44,147 44,150 44,152 44,154 44,155
44,167 44,168 44,169 44,170
45,167 45,168 45,169 45,170
46,140 46,142 46,143 46,144 46,145
46,149 46,150 46,152 46,154 46,155
46,167 46,168 46,169 46,170 46,172
47,138 47,139 47,142 47,143 47,144 47,145
47,149 47,150 47,152 47,154
47,167 47,168 47,170 47,172
49,138 49,139 49,140 49,141 49,142 49,144 49,145 49,147 49,148 49,149 49,150 49,152
49,165 49,167 49,168 49,169 49,170 49,171 49,172 49,174 49,175 49,177 49,178 49,179
50,138 50,139 50,140 50,142
50,167 50,168 50,169 50,170
50,177 50,178 50,179
51,138 51,139 51,140 51,141 51,142 51,145 51,147 51,148 51,149 51,150 51,152
51,167 51,168 51,169 51,170 51,172 51,175 51,177 51,178 51,179
52,135 52,136 52,137 52,138 52,139 52,140 52,141 52,142 52,144 52,145 52,147 52,148 52,149 52,150 52,152
52,169 52,170 52,172 52,174 52,175
53,144 53,145 53,147 53,148
54,135 54,138 54,139 54,140
54,144 54,145 54,147 54,148 54,149 54,150 54,151 54,152
54,165 54,167 54,169 54,170 54,172 54,174 54,175
55,132 55,133 55,134 55,137 55,138 55,139
55,144 55,145 55,147 55,148 55,149 55,150 55,151 55,152
55,164 55,165 55,167 55,168
56,132 56,135 56,136 56,137 56,138 56,139
56,144 56,145 56,147 56,148 56,149 56,150 56,152
56,164 56,165 56,167 56,168
56,172 56,174 56,175
57,130 57,131 57,132 57,134 57,135 57,136 57,137 57,138
57,144 57,145 57,147 57,148 57,149 57,150
57,164 57,165 57,167 57,168
58,134 58,135 58,137 58,138
58,164 58,165 58,167 58,168
59,134 59,135 59,136 59,137 59,138
59,144 59,145 59,148 59,149
59,164 59,165 59,167 59,168 59,169 59,170 59,171 59,172 59,174 59,175 59,178 59,179
60,130 60,132 60,134 60,135 60,136 60,137
60,144 60,145 60,147 60,148
60,162 60,164 60,165 60,168 60,169 60,170 60,171 60,172 60,174 60,177 60,178
61,144 61,145 61,147 61,148
62,128 62,129 62,130 62,132 62,134 62,135 62,137
62,142 62,144 62,145 62,147 62,148
62,162 62,164 62,165
63,132 63,134 63,135
64,128 64,130 64,132 64,134 64,135
64,142 64,145 64,146 64,147 64,148
64,160 64,161 64,162 64,164
65,125 65,126 65,127 65,129 65,130 65,132 65,134
65,142 65,144 65,145 65,146 65,147
65,159 65,160 65,161 65,162
66,142 66,144 66,145
67,125 67,128 67,129 67,130 67,132
67,142 67,144 67,145
67,150 67,152 67,154
67,159 67,160 67,162
68,122 68,123 68,124 68,127 68,128 68,129 68,130 68,132
68,144 68,145 68,148 68,149 68,150 68,152
69,122 69,125 69,126 69,127 69,130 69,132
69,144 69,145 69,146 69,147 69,148 69,149
69,175 69,176 69,177
70,120 70,121 70,122 70,124 70,125 70,126 70,127 70,129 70,130 70,132
70,139 70,140 70,142 70,145 70,146 70,147 70,148
72,120 72,122 72,123 72,124 72,125 72,127 72,128 72,129 72,130
72,138 72,139 72,140 72,142
73,120 73,122 73,123 73,124 73,127 73,128 73,129 73,130
73,137 73,138 73,139 73,142
75,118 75,119 75,120 75,122 75,124 75,127 75,128 75,129
75,134 75,135 75,136 75,137 75,138 75,139
76,134 76,135 76,137 76,138
77,118 77,119 77,120 77,121 77,122 77,124 77,125 77,127 77,128
77,132 77,133 77,134 77,135 77,136 77,137 77,138
78,115 78,116 78,117 78,119 78,120 78,121 78,122 78,124 78,125 78,127
78,132 78,133 78,134 78,135 78,136 78,137
79,119 79,120 79,122
80,115 80,118 80,119 80,120 80,122 80,125 80,128 80,129 80,130 80,131 80,132 80,134 80,135 80,138 80,139 80,140 80,142
80,172 80,173 80,174
81,115 81,117 81,118 81,119 81,122
81,128 81,129 81,130 81,131 81,132
81,165 81,167 81,168
82,115 82,116 82,117 82,118 82,120 82,121 82,122 82,125 82,127
82,167 82,168 82,169 82,172
83,112 83,113 83,114 83,115 83,116 83,117 83,118 83,119 83,120 83,121 83,122
84,112 84,114 84,115
85,112 85,114 85,115 85,116 85,117 85,118 85,119 85,120
85,132 85,135 85,137 85,138
85,158 85,159 85,160 85,161 85,162 85,165 85,166 85,167 85,168
86,110 86,111 86,112 86,114 86,115 86,116 86,117 86,118 86,119
86,157 86,158 86,159 86,160 86,161 86,162 86,165 86,166 86,167
86,172 86,173 86,174
87,114 87,115 87,117 87,118
88,108 88,109 88,110 88,112 88,113 88,114 88,115 88,116 88,117 88,118
88,154 88,155 88,157 88,159 88,160 88,161 88,162
88,174 88,175 88,176 88,177 88,178 88,179 88,180 88,181 88,182 88,183 88,184
89,112 89,114 89,115
90,108 90,110 90,111 90,112 90,113 90,114 90,115
90,154 90,155 90,158 90,159 90,160 90,162 90,165 90,168 90,169 90,170 90,171 90,172
91,108 91,109 91,110 91,111 91,112 91,113 91,114 91,115 91,118
91,154 91,155 91,157 91,158 91,159 91,160
91,164 91,165 91,167 91,168 91,169 91,170 91,171 91,172
91,185 91,186 91,187
92,108 92,109 92,110
92,154 92,155 92,157 92,158 92,159 92,160
93,108 93,109 93,110 93,112 93,113 93,114 93,115 93,117
93,154 93,155 93,156 93,157 93,158 93,159 93,160
93,178 93,179 93,180 93,181 93,182 93,183 93,184 93,187 93,188
94,105 94,106 94,107 94,108 94,109 94,110 94,112 94,113 94,114 94,115
94,152 94,155 94,156 94,157 94,158 94,159 94,162 94,164
94,172 94,175 94,177 94,178 94,180 94,181 94,182 94,183 94,184 94,185 94,188 94,189
95,105 95,107 95,108 95,109 95,110 95,111 95,112 95,114
95,150 95,152 95,155 95,156 95,157 95,158 95,160 95,161 95,162 95,163 95,164 95,165
95,169 95,170 95,172 95,175 95,177 95,178 95,179
96,102 96,103 96,104 96,105 96,107 96,108 96,109 96,110 96,111 96,112
96,149 96,150 96,152 96,154 96,155 96,156 96,157 96,159 96,160 96,161 96,162 96,163 96,164
96,169 96,170 96,172 96,174 96,175 96,177 96,178 96,179
97,107 97,108 97,109 97,110
97,152 97,154 97,155
98,102 98,104 98,105 98,106 98,107 98,108 98,109 98,110
98,152 98,154 98,155
98,159 98,160 98,162
99,100 99,101 99,102 99,104 99,105 99,106 99,107 99,108 99,109 99,110 99,112
99,145 99,147 99,149 99,152 99,154 99,155
99,159 99,160 99,162
100,152 100,154 100,155
101,100 101,102 101,103 101,104 101,105 101,107 101,108 101,109 101,110 101,112
101,122 101,124 101,127 101,129 101,130
101,140 101,141 101,142 101,144
101,150 101,152 101,154 101,155 101,157 101,158 101,159 101,160 101,161 101,162 101,164
101,172 101,175 101,177 101,178
103,100 103,101 103,102
103,152 103,154 103,155 103,157 103,158 103,159 103,162 103,163 103,164 103,165 103,166 103,167 103,170 103,172 103,174 103,175 103,177 103,178 103,179 103,180 103,181 103,182 103,183 103,184 103,185 103,188 103,189
104,98 104,99 104,100 104,101 104,102 104,104 104,105 104,107 104,108
104,158 104,159 104,160 104,162 104,163 104,164 104,165 104,166 104,167 104,170 104,172 104,175 104,177 104,178 104,179 104,180 104,181 104,182 104,183 104,184 104,187 104,188
105,98 105,99 105,100
106,98 106,99 106,100 106,102 106,104 106,105 106,107 106,108
106,139 106,140 106,142
106,159 106,160 106,161 106,162 106,164 106,165 106,166 106,167 106,168 106,169 106,170 106,171 106,172 106,173 106,174 106,175 106,176 106,177 106,178 106,179 106,180 106,182 106,185 106,186 106,187
107,95 107,96 107,97 107,98 107,99 107,100 107,102 107,104 107,105
107,132 107,134 107,135
107,160 107,161 107,162 107,165 107,166 107,167 107,168 107,169 107,170 107,171 107,172 107,173 107,174 107,175 107,176 107,177 107,178 107,179 107,182 107,184 107,185
107,290 107,291 107,292 107,293 107,294 107,295 107,296 107,297 107,298 107,299 107,300 107,301 107,302
108,95 108,98 108,99 108,100 108,102 108,104 108,105
108,159 108,160 108,162
108,172 108,173 108,174 108,175 108,176 108,177 108,178 108,179 108,180 108,181 108,182 108,183 108,184
108,298 108,299 108,302
109,92 109,93 109,94 109,97 109,98 109,99 109,100 109,102 109,104 109,105 109,107 109,108
109,158 109,159 109,162
109,288 109,289 109,290 109,292 109,295
109,299 109,300 109,302 109,303 109,304
111,92 111,94 111,95 111,96 111,97 111,98
111,102 111,104 111,105 111,107 111,108
111,147 111,149 111,150
111,155 111,156 111,157 111,158 111,159
111,288 111,289 111,290 111,292 111,293 111,294 111,295 111,296 111,297 111,299 111,300
112,92 112,94 112,95 112,96 112,97 112,100 112,102
112,129 112,130 112,132
112,154 112,155 112,156 112,157
112,172 112,173 112,174
112,288 112,289 112,290 112,292 112,293 112,294 112,295 112,296 112,297 112,299 112,300 112,302 112,304
113,92 113,94 113,95
114,90 114,91 114,92 114,93 114,94 114,95 114,97 114,98 114,99 114,100 114,102 114,104 114,105
114,149 114,150 114,152 114,153 114,154 114,155 114,158 114,159 114,160 114,161 114,162 114,164
114,174 114,175 114,176 114,177
114,285 114,286 114,287 114,288 114,289 114,290 114,291 114,292 114,294 114,295
114,299 114,300 114,302 114,304
116,90 116,92 116,94 116,95 116,97 116,98 116,99
116,119 116,120 116,122
116,130 116,131 116,132
116,142 116,144 116,145
116,157 116,158 116,159
116,164 116,165 116,168 116,169 116,170 116,171 116,172
116,285 116,287 116,288 116,289 116,290 116,292 116,293 116,294 116,295 116,297 116,298 116,299 116,300 116,302 116,304
117,88 117,89 117,92 117,94 117,95
117,127 117,128 117,129 117,130 117,131 117,132
117,140 117,142 117,144 117,145
117,155 117,157 117,158
117,164 117,165 117,167 117,168 117,169 117,170 117,171 117,172 117,174 117,177
117,282 117,283 117,284 117,285 117,287 117,288 117,289 117,292 117,293 117,294 117,295 117,297 117,298 117,299
118,127 118,128 118,129 118,130
119,88 119,90 119,91 119,92
119,99 119,100 119,102 119,104 119,105
119,110 119,112 119,115 119,116 119,117 119,120 119,121 119,122
119,127 119,128 119,129 119,130
119,135 119,137 119,139
119,152 119,154 119,155 119,156 119,157 119,158 119,159 119,160 119,162 119,164 119,165 119,167 119,168 119,169 119,172 119,174 119,177
119,282 119,284 119,285 119,286 119,287 119,288
119,292 119,294 119,295 119,296 119,297
119,302 119,303 119,304
120,85 120,86 120,87 120,89 120,90 120,91 120,92
120,114 120,115 120,116 120,117 120,118 120,119 120,120 120,121 120,122 120,124 120,127 120,128 120,129 120,130
120,150 120,152 120,154 120,155 120,156 120,157 120,158 120,159 120,160 120,162 120,164 120,165 120,167 120,168 120,169 120,172 120,174 120,175 120,177
120,280 120,281 120,282 120,284 120,285 120,286 120,287
120,292 120,294 120,295 120,296 120,297 120,298
121,85 121,87 121,88 121,89 121,90
121,100 121,101 121,102 121,105 121,106 121,107 121,108 121,109 121,110
121,114 121,115 121,117 121,118 121,119 121,120 121,122 121,125 121,126 121,127 121,128 121,129 121,130 121,131 121,132 121,133 121,134
121,139 121,140 121,142
121,149 121,152 121,154 121,155
121,164 121,167 121,168
121,172 121,174 121,175 121,177
121,280 121,282 121,283 121,284 121,285
121,292 121,294 121,297 121,298
122,85 122,87 122,88 122,89
122,98 122,99 122,100 122,101 122,102 122,104 122,105 122,106 122,107 122,108 122,109
122,114 122,115 122,117 122,119 122,120
122,124 122,125 122,126 122,127 122,128 122,129 122,130 122,131 122,132 122,133 122,134 122,135 122,138 122,139
122,149 122,150 122,152 122,154 122,155
122,164 122,165 122,167 122,168
122,172 122,174 122,175 122,177
122,278 122,279 122,282 122,283 122,284
123,164 123,165 123,167 123,168
123,174 123,175 123,177
124,85 124,87 124,88 124,89 124,90 124,92 124,93 124,94
124,98 124,99 124,100 124,101 124,102
124,114 124,115 124,117 124,118 124,119 124,120
124,124 124,125 124,127 124,128 124,129 124,130
124,134 124,135 124,137
124,149 124,150 124,152 124,154 124,155 124,156 124,157
124,164 124,165 124,167 124,168 124,170 124,172 124,173 124,174 124,175 124,177
124,278 124,279 124,280 124,282 124,285 124,287 124,290 124,292 124,295 124,297 124,298
125,82 125,83 125,84 125,85 125,87 125,88 125,89 125,90 125,92 125,93 125,94 125,95 125,98 125,99 125,100 125,101 125,102
125,114 125,115 125,117 125,118 125,119 125,122 125,124 125,125 125,127 125,128 125,129 125,130
125,142 125,144 125,145
125,149 125,150 125,152 125,154 125,155 125,156 125,157 125,158
125,164 125,165 125,167 125,168 125,169 125,170 125,172 125,173 125,174 125,177
125,278 125,279 125,280 125,282 125,285 125,287 125,288 125,289 125,290 125,292 125,295 125,297 125,298
126,114 126,115 126,117 126,118
126,127 126,128 126,129 126,130
126,154 126,155 126,157 126,158
126,164 126,165 126,167 126,168
127,80 127,81 127,82 127,84 127,85 127,86 127,87 127,88
127,94 127,95 127,97 127,98 127,99 127,100
127,112 127,114 127,115 127,117 127,118 127,119 127,120 127,122 127,124 127,125 127,127 127,128 127,129 127,130
127,134 127,135 127,137 127,140 127,141 127,142 127,144 127,145
127,150 127,152 127,153 127,154 127,155 127,156 127,157 127,158 127,159 127,160 127,161 127,162 127,163 127,164 127,165 127,166 127,167 127,168 127,169 127,170 127,171 127,172 127,174 127,175 127,176 127,177
127,275 127,276 127,277 127,278 127,279 127,282
127,287 127,288 127,289 127,290 127,292
128,94 128,95 128,97 128,98
129,80 129,82 129,83 129,84 129,85 129,87 129,88
129,92 129,93 129,94 129,95 129,96 129,97 129,98
129,112 129,114 129,117 129,118 129,119 129,120 129,122 129,125 129,127
129,142 129,143 129,144 129,145
129,154 129,155 129,157 129,158 129,160 129,162 129,165 129,168 129,169 129,170 129,171 129,172 129,173 129,174 129,175
129,275 129,277 129,278 129,279
130,78 130,79 130,80 130,82 130,83 130,84 130,85
130,92 130,93 130,94 130,95 130,96 130,97
130,118 130,119 130,120 130,122
130,142 130,143 130,144
130,154 130,155 130,157 130,160
130,164 130,165 130,167 130,168
130,272 130,273 130,274 130,275 130,277 130,278 130,279
131,82 131,84 131,85
132,78 132,79 132,80 132,82 132,84 132,85
132,90 132,91 132,92 132,94 132,95 132,98 132,99
132,109 132,110 132,112
132,155 132,157 132,158 132,159
132,272 132,274 132,275 132,276 132,277 132,278 132,279
133,78 133,79 133,82
133,89 133,90 133,91 133,92 133,94 133,95
133,109 133,110 133,112 133,114 133,115
133,155 133,157 133,158 133,159 133,160
133,270 133,271 133,272 133,274 133,275 133,276 133,277 133,278
134,82 134,83 134,84 134,85 134,86 134,87 134,88 134,89 134,90 134,92 134,94 134,95 134,96 134,97 134,98 134,99 134,100 134,101 134,102 134,103 134,104 134,105 134,106 134,107 134,108 134,109 134,110 134,112 134,114 134,115 134,116 134,117 134,118 134,119 134,120 134,121 134,122 134,123 134,124 134,125 134,126 134,127 134,128 134,129 134,130 134,131 134,132 134,133 134,134 134,135 134,136 134,137 134,138 134,139 134,140 134,141 134,142 134,143 134,144 134,145 134,146 134,147 134,148 134,149 134,150 134,151 134,152 134,153 134,154 134,155 134,156 134,157 134,158 134,159
134,165 134,167 134,168
134,270 134,272 134,273 134,274 134,275 134,277 134,278
134,300 134,301 134,302
135,70 135,71 135,72 135,73 135,74 135,75 135,76 135,77
135,82 135,83 135,84 135,85 135,86 135,87 135,88 135,89 135,92 135,95 135,96 135,97 135,98 135,99 135,100 135,101 135,102 135,103 135,104 135,105 135,106 135,107 135,108 135,109 135,112 135,115 135,116 135,117 135,118 135,119 135,120 135,121 135,122 135,123 135,124 135,125 135,126 135,127 135,128 135,129 135,130 135,131 135,132 135,133 135,134 135,135 135,136 135,137 135,138 135,139 135,140 135,141 135,142 135,143 135,144 135,145 135,146 135,147 135,148 135,149 135,150 135,151 135,152 135,153 135,154 135,155 135,156 135,157
135,168 135,169 135,170 135,171 135,172 135,173 135,174 135,175 135,176 135,177
135,268 135,269 135,270 135,272 135,273 135,274 135,277 135,278 135,279 135,280
135,299 135,300 135,301
137,268 137,269 137,270 137,271 137,272 137,275 137,276 137,277 137,278 137,279
138,58 138,59 138,60 138,61 138,62 138,63 138,64 138,65 138,66 138,67 138,68 138,69
138,178 138,179 138,180 138,181 138,182 138,183 138,184 138,185 138,186 138,187 138,188 138,189 138,190 138,191 138,192 138,193 138,194 138,195 138,196 138,197
138,268 138,269 138,270 138,271 138,272 138,274 138,275 138,276 138,277
139,268 139,269 139,270 139,272 139,274 139,275
140,48 140,49 140,50 140,51 140,52 140,53 140,54 140,55 140,56 140,57 140,58
140,74 140,75 140,76 140,77
140,109 140,110 140,111 140,112 140,113 140,114 140,115 140,116 140,117 140,119 140,120 140,121 140,122 140,123 140,124 140,125 140,126 140,127 140,128 140,129 140,130 140,131 140,132 140,133 140,134 140,135
140,197 140,198 140,199 140,200 140,201 140,202 140,203 140,204 140,205 140,206 140,207 140,208 140,209 140,210 140,211 140,212 140,213 140,214 140,215 140,216 140,217
140,265 140,266 140,267 140,268 140,269 140,270 140,271 140,272 140,274 140,275 140,277
142,265 142,268 142,269 142,270 142,272 142,274 142,275
142,287 142,288 142,290
143,40 143,41 143,42 143,43 143,44 143,45 143,46 143,47
143,74 143,75 143,77 143,78
143,188 143,190 143,192
143,218 143,219 143,220 143,221 143,222 143,223 143,224 143,225 143,226 143,227 143,228 143,229 143,230 143,231 143,232 143,233 143,234 143,235 143,236 143,237
143,262 143,263 143,264 143,267 143,268 143,269 143,272 143,274
143,287 143,288 143,289 143,290
144,74 144,75 144,77 144,78
145,74 145,75 145,77 145,78
145,215 145,216 145,217 145,218 145,219 145,220 145,221 145,222
145,235 145,237 145,238
145,262 145,265 145,266 145,267 145,268
145,272 145,274 145,277
145,287 145,288 145,289 145,290
146,35 146,36 146,37 146,38 146,39
146,74 146,75 146,77
146,212 146,214 146,215 146,216 146,217 146,218 146,219 146,220 146,221 146,222
146,238 146,239 146,240 146,241 146,242 146,243 146,244 146,245 146,246 146,247 146,248 146,249 146,250 146,251 146,252 146,253 146,254 146,255 146,256 146,257 146,260 146,261 146,262 146,264 146,265 146,266 146,267 146,268
146,272 146,274 146,275
146,280 146,282 146,284 146,285
147,74 147,75 147,77
147,228 147,229 147,230 147,231 147,232 147,233 147,234
147,255 147,257 147,258 147,260 147,262 147,264 147,265 147,266 147,267 147,268
147,272 147,274 147,275 147,276 147,277 147,278 147,279 147,282 147,284 147,285
147,290 147,292 147,294 147,295
148,32 148,33 148,34
148,74 148,75 148,77 148,78 148,80
148,227 148,228 148,229 148,230 148,231 148,232 148,233 148,234 148,235 148,237
148,257 148,258 148,259 148,262 148,264 148,265 148,266 148,267
148,272 148,274 148,275 148,276 148,277 148,278 148,279 148,282 148,284 148,285
150,74 150,75 150,77 150,78 150,80
150,222 150,224 150,227 150,228
150,262 150,264 150,265
150,278 150,279 150,280 150,282 150,284 150,285
151,28 151,29 151,30 151,31 151,32
151,74 151,75 151,77 151,78 151,79 151,80
151,262 151,264 151,265
151,270 151,272 151,274 151,275 151,278 151,279
152,74 152,75 152,77 152,78 152,79 152,80
152,272 152,274 152,275
153,25 153,26 153,27 153,28
153,74 153,75 153,77 153,78 153,79 153,80 153,81 153,82 153,83 153,84 153,85 153,87
153,112 153,114 153,115 153,117 153,118 153,119 153,120 153,121 153,122 153,124 153,125 153,127 153,128 153,129 153,130 153,132
153,137 153,138 153,139
153,234 153,235 153,237 153,238
153,262 153,264 153,265 153,266 153,267 153,268 153,269 153,270 153,271 153,272 153,274 153,275 153,276 153,277 153,278 153,279 153,280 153,281 153,282 153,284 153,285
154,74 154,75 154,77 154,78 154,79 154,80
155,74 155,75 155,77 155,78 155,79 155,80
155,110 155,112 155,113 155,114
155,132 155,133 155,134 155,135 155,137
155,215 155,217 155,218
155,232 155,233 155,234 155,235 155,237
156,74 156,75 156,77 156,78 156,79 156,80
156,110 156,112 156,113 156,114
156,132 156,133 156,134 156,135 156,137
156,214 156,215 156,217 156,218
156,229 156,230 156,232 156,233 156,234
157,74 157,75 157,77 157,78 157,79 157,80
158,74 158,75 158,77 158,78 158,79 158,80
158,187 158,188 158,190 158,192 158,194
158,210 158,212 158,213 158,214 158,215 158,217
158,229 158,230 158,232
158,245 158,248 158,249 158,250 158,251 158,252 158,253 158,254 158,255 158,256 158,257 158,258 158,259 158,260 158,261 158,262 158,263 158,264 158,265 158,266 158,267 158,268 158,269 158,270 158,271 158,272 158,273 158,274 158,275 158,276 158,277 158,278 158,279 158,280 158,281 158,282 158,283 158,284 158,285 158,286 158,287 158,288 158,289 158,290 158,291 158,292 158,293 158,294
159,74 159,75 159,77 159,78 159,79 159,80
159,174 159,175 159,177 159,179
159,188 159,190 159,192
159,209 159,210 159,212 159,213 159,214 159,215
159,242 159,245 159,247 159,248 159,249 159,250 159,251 159,252 159,253 159,254 159,255 159,256 159,257 159,258 159,259 159,260 159,261 159,262 159,263 159,264 159,265 159,266 159,267 159,268 159,269 159,270 159,271 159,272 159,273 159,274 159,275 159,276 159,277 159,278 159,279 159,280 159,281 159,282 159,283 159,284 159,285 159,286 159,287 159,288 159,289 159,290 159,291 159,292 159,293 159,294 159,295 159,297 159,298 159,299
160,74 160,75 160,77 160,78 160,79 160,80
160,109 160,110 160,112 160,114 160,115
160,188 160,190 160,192
160,209 160,210 160,212
160,274 160,275 160,276 160,277 160,278 160,279 160,280 160,281 160,282 160,283 160,284 160,285 160,286 160,287 160,288 160,289 160,290 160,291 160,292 160,293 160,294 160,295 160,297 160,299
161,74 161,75 161,77 161,78 161,79 161,80
161,187 161,188 161,190 161,192 161,194
161,209 161,210 161,212
161,229 161,230 161,232
161,272 161,275 161,276 161,277 161,278 161,279 161,280 161,281 161,282 161,283 161,284 161,285 161,286 161,287 161,288 161,289 161,290 161,291 161,292 161,293 161,294
162,74 162,75 162,77 162,78 162,79 162,80
163,74 163,75 163,77 163,78 163,79 163,80
163,158 163,159 163,160 163,162 163,164
163,174 163,175 163,177 163,178 163,179
163,229 163,230 163,232
163,265 163,268 163,269 163,270 163,271 163,272 163,273 163,274 163,275 163,276 163,277 163,278 163,279 163,280 163,281 163,282 163,284 163,285 163,286 163,287 163,288 163,289 163,290 163,291 163,292 163,293 163,294 163,295 163,297 163,299
164,74 164,75 164,77 164,78 164,79 164,80 164,82 164,84 164,85
164,157 164,158 164,160 164,162
164,175 164,177 164,178
164,268 164,270 164,271 164,272 164,273 164,274 164,275 164,276 164,277 164,278 164,279 164,280 164,281 164,282 164,285 164,286 164,287 164,288 164,289 164,290 164,291 164,292 164,293 164,294
165,74 165,75 165,77 165,78 165,79 165,80
166,25 166,26 166,27
166,52 166,53 166,54 166,55 166,56 166,57
166,74 166,75 166,77 166,78 166,79 166,80 166,82 166,84
166,205 166,207 166,209 166,210
166,240 166,242 166,243 166,244 166,245 166,246 166,247 166,248 166,249 166,250 166,252 166,253 166,254 166,255 166,256 166,257
166,265 166,266 166,267 166,268 166,269
166,275 166,277 166,278 166,279
166,285 166,286 166,287 166,290 166,291 166,292
167,25 167,26 167,27 167,28
167,49 167,50 167,52 167,53 167,54 167,55 167,56 167,57 167,58
167,74 167,75 167,77 167,78 167,79 167,80 167,82
167,204 167,205 167,207 167,208 167,209 167,210
167,232 167,234 167,235 167,237 167,240 167,242 167,243 167,244 167,245 167,246 167,247 167,248 167,249 167,250 167,252 167,253 167,254 167,255 167,256 167,257 167,258
167,262 167,264 167,265 167,266 167,267 167,268 167,269 167,270 167,272 167,274 167,275 167,277 167,278 167,279 167,280
167,285 167,286 167,287 167,288 167,289 167,290 167,291 167,292 167,294
168,49 168,50 168,52 168,54 168,57 168,58
168,62 168,65 168,66 168,67 168,68 168,69
168,74 168,75 168,77 168,78 168,79 168,80 168,82
168,202 168,204 168,205 168,207 168,208 168,209 168,210
168,222 168,223 168,224 168,225 168,226 168,227 168,229 168,230
168,262 168,265 168,266 168,267 168,268 168,269 168,270 168,271 168,272 168,274 168,275 168,276 168,277
169,49 169,50 169,52
169,62 169,64 169,65 169,66 169,67 169,68 169,69 169,70
169,74 169,75 169,77 169,78 169,79 169,80 169,82
169,202 169,204 169,207 169,208 169,209 169,210
169,222 169,223 169,224 169,225 169,226 169,227 169,228 169,229 169,230
169,237 169,238 169,239 169,240
169,262 169,264 169,265 169,266 169,267 169,268 169,269 169,270 169,271 169,272 169,274 169,275 169,276 169,277 169,278 169,279
170,62 170,64 170,65
170,74 170,75 170,77 170,78 170,79 170,80 170,82
170,207 170,208 170,209 170,210
170,262 170,264 170,265
170,272 170,274 170,275
171,30 171,31 171,32
171,50 171,52 171,53 171,54 171,55 171,56 171,57 171,58 171,59 171,62 171,64 171,65 171,66 171,67 171,68 171,69 171,70 171,72 171,74 171,75 171,77 171,78 171,79 171,80 171,82
171,129 171,130 171,132
171,198 171,199 171,200 171,201 171,202
171,207 171,208 171,209 171,210
171,222 171,224 171,225 171,227 171,228 171,229 171,230
171,237 171,238 171,240
171,245 171,246 171,247 171,248 171,249 171,250 171,251 171,252 171,253 171,254 171,257
171,262 171,264 171,265
171,272 171,274 171,275 171,278 171,279 171,280 171,282 171,284 171,285 171,288 171,289 171,290 171,291 171,292
172,30 172,31 172,32
172,52 172,53 172,54 172,55 172,56 172,57
172,62 172,64 172,65 172,66 172,67 172,68 172,69
172,74 172,75 172,77 172,78 172,79 172,80 172,82
172,128 172,129 172,130
172,197 172,198 172,199 172,200 172,201 172,202
172,207 172,208 172,209 172,210
172,222 172,224 172,225 172,227 172,228 172,229 172,232
172,244 172,245 172,246 172,247 172,248 172,249 172,250 172,251 172,252 172,253 172,254
172,262 172,264 172,265
172,272 172,274 172,277 172,278 172,279 172,280 172,282 172,284 172,285 172,288 172,289 172,290 172,291 172,292 172,294 172,295
173,32 173,33 173,34 173,35 173,36 173,37
173,62 173,64 173,65 173,66 173,67 173,68 173,69
173,74 173,75 173,77 173,78 173,79 173,80 173,82
173,115 173,117 173,119 173,120
173,127 173,128 173,129
173,155 173,157 173,158
173,194 173,195 173,197 173,198 173,199
173,207 173,208 173,209 173,210 173,212 173,215 173,216 173,217 173,218 173,219 173,220 173,221 173,222 173,225 173,227 173,228 173,229 173,230 173,231 173,232
173,250 173,251 173,252 173,253 173,254 173,255 173,256 173,257 173,258 173,259 173,260 173,261 173,262 173,264 173,265 173,266 173,267
173,272 173,274 173,275 173,277 173,278
173,282 173,284 173,285 173,287 173,288
173,292 173,294 173,295
174,62 174,65 174,66 174,67
174,74 174,75 174,77 174,78 174,79 174,80 174,82
174,125 174,127 174,128
174,155 174,157 174,158
174,194 174,195 174,197 174,198
174,207 174,208 174,210
174,214 174,215 174,216 174,217 174,218 174,219 174,220 174,221 174,222
174,228 174,229 174,230 174,231 174,232
174,249 174,250 174,251
174,261 174,262 174,264 174,265 174,266 174,267 174,268
174,272 174,274 174,275 174,277 174,278
175,74 175,75 175,77 175,78 175,79 175,80
176,38 176,39 176,40 176,41 176,42 176,43 176,44
176,74 176,75 176,77 176,78 176,79 176,80 176,82
176,124 176,125 176,127
176,194 176,195 176,197 176,198 176,199 176,200 176,201 176,202 176,203 176,204 176,205 176,206 176,207 176,208 176,209 176,210 176,211 176,212 176,213 176,214 176,215 176,216 176,217 176,218 176,219 176,222
176,232 176,233 176,234 176,235 176,236 176,237 176,238 176,239 176,240 176,241 176,242 176,243 176,244 176,245 176,246 176,247 176,248 176,249 176,250
176,262 176,263 176,264 176,265 176,267 176,268 176,269 176,272
177,42 177,43 177,44 177,45
177,74 177,75 177,77 177,78 177,80 177,82
177,117 177,119 177,120 177,122 177,124 177,125
177,194 177,195 177,198 177,199 177,200 177,201 177,202 177,203 177,204 177,205 177,206 177,207 177,208 177,209 177,210 177,211 177,212 177,213 177,214 177,215 177,216 177,217
177,262 177,263 177,264 177,265 177,267 177,268 177,269 177,270 177,272 177,274 177,275 177,277 177,278
177,285 177,287 177,288 177,289
178,74 178,75 178,77 178,78
178,265 178,267 178,268 178,269 178,270
178,274 178,275 178,277 178,278
179,45 179,46 179,47 179,48 179,49 179,50 179,51 179,52
179,74 179,75 179,76 179,77 179,78 179,79 179,80 179,82
179,112 179,115 179,116 179,117 179,118 179,119 179,120 179,121 179,122 179,123 179,124 179,125
179,172 179,174 179,175 179,176 179,177 179,178 179,179 179,180 179,181 179,182
179,187 179,188 179,189 179,190 179,191 179,192 179,193 179,194 179,195 179,197 179,198 179,199 179,200 179,202
179,212 179,213 179,214 179,215 179,216 179,217 179,218 179,219 179,220 179,221 179,222 179,223 179,224 179,225 179,226 179,227 179,228 179,229 179,230 179,231 179,232
179,265 179,266 179,267 179,268 179,269 179,270 179,272 179,274 179,275 179,277 179,278
179,284 179,285 179,287 179,288
180,48 180,49 180,50 180,51 180,52
180,74 180,75 180,76 180,77 180,78 180,79 180,80
180,115 180,116 180,117 180,118 180,119 180,120 180,121 180,122 180,123 180,124
180,170 180,172 180,175 180,176 180,177 180,178 180,179 180,180 180,181 180,182
180,188 180,189 180,190 180,191 180,192 180,193 180,194
180,266 180,267 180,268 180,269 180,270 180,272 180,274 180,275 180,277 180,278
180,287 180,288 180,289 180,290
181,52 181,53 181,54 181,55 181,56 181,57 181,58 181,59 181,60 181,61 181,62
181,74 181,75 181,76 181,77 181,78 181,79 181,80 181,81 181,82 181,85 181,86 181,87 181,88 181,89 181,90 181,91 181,92 181,93 181,94 181,97 181,98
181,105 181,107 181,108 181,109 181,110 181,111 181,112 181,113 181,114 181,115 181,117 181,119 181,120 181,121 181,122 181,124 181,125 181,127 181,128 181,129 181,130 181,131 181,132 181,133 181,134 181,135 181,136 181,137 181,138 181,139
181,144 181,145 181,146 181,147 181,148 181,149 181,150 181,151 181,152 181,155 181,157 181,158 181,159 181,160
181,190 181,191 181,192 181,193 181,194 181,195 181,196 181,197 181,198 181,199 181,200 181,201 181,202 181,203 181,204 181,205 181,206 181,207 181,208 181,209 181,210 181,211 181,212
181,268 181,269 181,270 181,271 181,272 181,274 181,275 181,277 181,278 181,279
181,287 181,288 181,289 181,290
182,60 182,61 182,62
182,75 182,76 182,77 182,80 182,81 182,82 182,85 182,86 182,87 182,88 182,89 182,90 182,91 182,92 182,93 182,94 182,95 182,97
182,108 182,109 182,110 182,111 182,112 182,113 182,114
182,120 182,121 182,122 182,124
182,128 182,129 182,130 182,131 182,132 182,133 182,134 182,135 182,136 182,137 182,138 182,139
182,145 182,146 182,147 182,148 182,149 182,150 182,151 182,152
182,158 182,159 182,160 182,162
182,268 182,270 182,271 182,272 182,274 182,275
182,300 182,301 182,302
183,272 183,274 183,275
184,62 184,63 184,64 184,65 184,66 184,67 184,68 184,69 184,70 184,71 184,72 184,73 184,74
184,82 184,84 184,85 184,86 184,87 184,88 184,89
184,170 184,171 184,172 184,173 184,174 184,175 184,176 184,177 184,178 184,179 184,180 184,181 184,182 184,183 184,184 184,185 184,186 184,187 184,188 184,189
184,268 184,269 184,270 184,272 184,273 184,274 184,275 184,276 184,277 184,279 184,280 184,282 184,284 184,285 184,286 184,287 184,288
185,82 185,85 185,86 185,87 185,88 185,89 185,90
185,168 185,169 185,170
185,268 185,269 185,270 185,272 185,273 185,274 185,275 185,276 185,277 185,278 185,279 185,280 185,282 185,284 185,285 185,286 185,287 185,289 185,290
186,75 186,76 186,77
186,82 186,85 186,86 186,87 186,88 186,89 186,90 186,91 186,92 186,95 186,96 186,97
186,167 186,168 186,169 186,170
186,270 186,271 186,272 186,273 186,274 186,275 186,276 186,277 186,278 186,279 186,280 186,281 186,282
187,75 187,76 187,77 187,78
187,82 187,84 187,85 187,86 187,87 187,88 187,89 187,90 187,91 187,92 187,94 187,95 187,96 187,97 187,98
187,165 187,167 187,168
187,270 187,271 187,272 187,273 187,274 187,275 187,276 187,277 187,280 187,281 187,282
188,92 188,94 188,95
188,272 188,274 188,275
189,78 189,79 189,82 189,84 189,85
189,90 189,92 189,94 189,95 189,96 189,97
189,165 189,167 189,168
189,272 189,273 189,274 189,275 189,276 189,277
190,78 190,79 190,80 190,82 190,84 190,85
190,92 190,94 190,95 190,96 190,97
190,168 190,169 190,170 190,171 190,172
190,273 190,274 190,275 190,276 190,277 190,278 190,279 190,280 190,282
191,275 191,277 191,278
192,80 192,82 192,84 192,85 192,86 192,87
192,92 192,94 192,95
192,275 192,277 192,278 192,279 192,280 192,282
193,80 193,82 193,84 193,85 193,86 193,87 193,88
193,92 193,94 193,95
193,114 193,117 193,118
193,172 193,173 193,174 193,175 193,176 193,177
193,275 193,278 193,279 193,280
194,80 194,81 194,82 194,84 194,85 194,86 194,87 194,88
194,92 194,94 194,95 194,98
194,158 194,159 194,160 194,161 194,162 194,164
194,168 194,169 194,170 194,171 194,172
194,275 194,276 194,277 194,279 194,280
195,80 195,81 195,82 195,85 195,86 195,87 195,88
195,92 195,94 195,95
195,157 195,158 195,159 195,160 195,161 195,162 195,164 195,165 195,167 195,168 195,169 195,170 195,171 195,172 195,174 195,177
195,277 195,278 195,280 195,282 195,284
197,82 197,83 197,84 197,87 197,88 197,89 197,92 197,94 197,95
197,154 197,155 197,156 197,157 197,158 197,159 197,162 197,164 197,167 197,168 197,169 197,170 197,172 197,174 197,177
197,278 197,279 197,282 197,284 197,285
198,83 198,84 198,85 198,88 198,89 198,90 198,92
198,152 198,154 198,155 198,156 198,157 198,158
198,164 198,165 198,167 198,168 198,169 198,170 198,172 198,174 198,175 198,177
198,278 198,279 198,280 198,282 198,285 198,287
199,85 199,86 199,87 199,89 199,90
199,98 199,99 199,100
199,152 199,154 199,155 199,156 199,157
199,164 199,165 199,167 199,168 199,170 199,172 199,174 199,175 199,177
199,280 199,282 199,283 199,284
200,85 200,86 200,87 200,88 200,89 200,90
200,99 200,100 200,102
200,152 200,154 200,155 200,156 200,157
200,164 200,165 200,167 200,168
200,172 200,174 200,175 200,177
200,280 200,282 200,283 200,284 200,285
200,302 200,303 200,304
201,88 201,89 201,90
201,152 201,154 201,155
201,164 201,165 201,167 201,168
201,172 201,174 201,175 201,177
202,88 202,89 202,90 202,91 202,92
202,102 202,103 202,104
202,152 202,153 202,154 202,155 202,156 202,157
202,164 202,165 202,167 202,168
202,172 202,174 202,175 202,177
202,280 202,281 202,282 202,284 202,285 202,286 202,287
203,88 203,90 203,91 203,92
203,97 203,100 203,102 203,103 203,104
203,152 203,153 203,154 203,155 203,156 203,157 203,158
203,162 203,164 203,165 203,167 203,168
203,172 203,174 203,175 203,177
203,280 203,281 203,282 203,285 203,286 203,287 203,288
204,154 204,155 204,157 204,158
204,164 204,165 204,167 204,168
204,172 204,174 204,175 204,177
205,88 205,89 205,92 205,94
205,154 205,155 205,156 205,157 205,158 205,159 205,160 205,161 205,162 205,163 205,164 205,165 205,167 205,168 205,169 205,170 205,171 205,172 205,173 205,174 205,175 205,177
205,282 205,283 205,284 205,287 205,288 205,289 205,292 205,294 205,295
206,88 206,89 206,90 206,92 206,94 206,95 206,97 206,100 206,102
206,155 206,156 206,157 206,158 206,159 206,160 206,161 206,162 206,163 206,164 206,165 206,167 206,168 206,169 206,170 206,171 206,172 206,173 206,174 206,177
206,282 206,283 206,284 206,285 206,288 206,289 206,290
207,90 207,91 207,92 207,94 207,95 207,96 207,97 207,98 207,99 207,100 207,102 207,104 207,105
207,157 207,158 207,159 207,160 207,161 207,162 207,163 207,164 207,165 207,168 207,169 207,170
207,175 207,176 207,177
207,285 207,286 207,287 207,289 207,290 207,291 207,292 207,294
208,90 208,91 208,92 208,94 208,95 208,96 208,97 208,98 208,99 208,100
208,158 208,159 208,160 208,161 208,162 208,163 208,164
208,286 208,287 208,288 208,290 208,291 208,292
209,92 209,94 209,95 209,97 209,98
210,92 210,93 210,94 210,95 210,96 210,97 210,98 210,99 210,100 210,102
210,288 210,289 210,292 210,294
210,302 210,303 210,304
211,92 211,93 211,94 211,95 211,96 211,97 211,98 211,100 211,102 211,104 211,105
211,175 211,176 211,177
211,288 211,289 211,290
212,95 212,97 212,98 212,99 212,102 212,104 212,105 212,107 212,108
212,290 212,291 212,292
212,300 212,301 212,302
213,95 213,98 213,99 213,100
213,104 213,105 213,108 213,109
213,178 213,179 213,180 213,181 213,182 213,183 213,184
213,290 213,291 213,292
215,95 215,96 215,97 215,99 215,100 215,101 215,102 215,104 215,105 215,107 215,110
215,132 215,133 215,134
215,140 215,141 215,142 215,145 215,146 215,147 215,148
215,165 215,166 215,167 215,168 215,169 215,170 215,171 215,172
215,292 215,293 215,294 215,295 215,296 215,297 215,298 215,299
216,95 216,96 216,97 216,98 216,100 216,101 216,102 216,104 216,105 216,107 216,108
216,132 216,133 216,134
216,138 216,139 216,140 216,141 216,142 216,144 216,145 216,146 216,147 216,148 216,149
216,164 216,165 216,166 216,167 216,168 216,169 216,170 216,171 216,172 216,175
216,185 216,186 216,187
217,139 217,140 217,142 217,144 217,145
218,98 218,99 218,100 218,102 218,103 218,104 218,105 218,107 218,108
218,122 218,125 218,127 218,128
218,138 218,139 218,140 218,141 218,142 218,144 218,145 218,147 218,148 218,149 218,150
218,162 218,164 218,165
218,180 218,181 218,182 218,184 218,187 218,188
219,99 219,100 219,102 219,103 219,104 219,105 219,107 219,108
219,127 219,128 219,129 219,130 219,132 219,134 219,135
219,140 219,141 219,142 219,144 219,145 219,148 219,149 219,150
219,172 219,175 219,178 219,180 219,181 219,182 219,184 219,185 219,188 219,189
220,100 220,101 220,102 220,103 220,104 220,105 220,107 220,108 220,109
220,127 220,129 220,130
220,134 220,135 220,137 220,138 220,139 220,140 220,142 220,144 220,145 220,146 220,147 220,148 220,149 220,150
220,160 220,161 220,162 220,163 220,164 220,165 220,168 220,169 220,170 220,171 220,172 220,174 220,175 220,178 220,179
221,100 221,101 221,102 221,103 221,104 221,105 221,108 221,109 221,110
221,127 221,128 221,129 221,130 221,132 221,134 221,135 221,137 221,138 221,139 221,140
221,145 221,146 221,147 221,149 221,150 221,152 221,154 221,155
221,159 221,160 221,161 221,162 221,163 221,164
221,168 221,169 221,170 221,171 221,172 221,174 221,177 221,178 221,179
222,102 222,104 222,105
222,129 222,130 222,132
222,152 222,154 222,155
223,102 223,104 223,105 223,106 223,107 223,109 223,110 223,112
223,128 223,129 223,130 223,132 223,134 223,135 223,137 223,138 223,139 223,140
223,149 223,150 223,152 223,154 223,155
223,159 223,160 223,162
224,102 224,104 224,105 224,106 224,107 224,108 224,110 224,112 224,114
224,137 224,138 224,139
224,152 224,154 224,155
224,159 224,160 224,162
224,184 224,185 224,187 224,189
225,102 225,103 225,104 225,107 225,108 225,109 225,110 225,111 225,112 225,115
225,138 225,139 225,140 225,141 225,142 225,144 225,145 225,146 225,147 225,148 225,149 225,150 225,151 225,152 225,154 225,155 225,156 225,157 225,159 225,160 225,161 225,162 225,164
226,102 226,103 226,104 226,105 226,108 226,109 226,110 226,111 226,112
226,129 226,130 226,132 226,134
226,140 226,141 226,142 226,144 226,145 226,146 226,147 226,148 226,149 226,150 226,151 226,152 226,154 226,155 226,156 226,157 226,158 226,160 226,161 226,162 226,164 226,165
226,172 226,175 226,177 226,178
226,182 226,184 226,185
227,109 227,110 227,112
227,162 227,164 227,165
228,105 228,106 228,107 228,108 228,109 228,110 228,111 228,112 228,113 228,114
228,132 228,133 228,134
228,155 228,157 228,158 228,159 228,162 228,163 228,164 228,165 228,166 228,167 228,170 228,171 228,172 228,174 228,175 228,176 228,177 228,178 228,179 228,180 228,181 228,182 228,183 228,184 228,185 228,188 228,189
229,107 229,108 229,109 229,110 229,111 229,112 229,113 229,114 229,115 229,117
229,132 229,133 229,134 229,135
229,157 229,158 229,159 229,160 229,162 229,163 229,164 229,165 229,166 229,167 229,168 229,170 229,171 229,172 229,175 229,176 229,177 229,178 229,179 229,180 229,181 229,182 229,183 229,184 229,187 229,188
230,108 230,109 230,110 230,112 230,114 230,115
231,108 231,109 231,110 231,111 231,112 231,114 231,115 231,116 231,117 231,118 231,119 231,122 231,125 231,127 231,129
231,157 231,158 231,159 231,160 231,161 231,162 231,164 231,165 231,166 231,167 231,168 231,169 231,170 231,171 231,172 231,173 231,174
231,178 231,179 231,180 231,182 231,185 231,186 231,187
232,108 232,109 232,110 232,111 232,112 232,115 232,116 232,117 232,118 232,119 232,120 232,122 232,125 232,127 232,129
232,158 232,159 232,160 232,161 232,162 232,165 232,166 232,167 232,168 232,169 232,170 232,171 232,172 232,173 232,174 232,175 232,178 232,179 232,182 232,184 232,185
233,110 233,112 233,113 233,114 233,117 233,118 233,119 233,122 233,124
233,128 233,129 233,130 233,131 233,132 233,134 233,135
233,159 233,160 233,162
233,172 233,173 233,174 233,175 233,176 233,177 233,178 233,179 233,180 233,181 233,182 233,183 233,184 233,185
234,110 234,112 234,113 234,114 234,115 234,117 234,118 234,119 234,122 234,124 234,125 234,127 234,128 234,129 234,130 234,131 234,132 234,134 234,135 234,137 234,138
234,159 234,160 234,162
235,114 235,115 235,117 235,118
236,110 236,111 236,112 236,114 236,115 236,116 236,117 236,118 236,119 236,120 236,122
236,128 236,129 236,132 236,134 236,135 236,137 236,138
236,158 236,159 236,160 236,162 236,163 236,164 236,165 236,166 236,167
237,111 237,112 237,115 237,116 237,117 237,118 237,119 237,120
237,132 237,134 237,135 237,137 237,138
237,158 237,159 237,162 237,163 237,164 237,165 237,166 237,167 237,168
238,112 238,113 238,114 238,115 238,117 238,118 238,119 238,120 238,121 238,122
238,132 238,134 238,135 238,137 238,138 238,139
238,158 238,159 238,160 238,161 238,162
239,112 239,113 239,114 239,115 239,117 239,118 239,119 239,120 239,121 239,122 239,124 239,125 239,127 239,128
239,134 239,135 239,138 239,139 239,140
239,157 239,158 239,159 239,160 239,161 239,162 239,164
239,168 239,169 239,172
240,115 240,117 240,118
240,122 240,124 240,125
240,157 240,158 240,159 240,160
241,115 241,116 241,117 241,118 241,119 241,120 241,122 241,124 241,125
241,134 241,135 241,138 241,139 241,140 241,142
241,157 241,158 241,159 241,160
242,116 242,117 242,118 242,119 242,120 242,122 242,124
242,134 242,135 242,138 242,139 242,140 242,142
242,162 242,164 242,165
242,172 242,173 242,174
243,118 243,119 243,120
243,139 243,140 243,142
244,118 244,119 244,120 244,121 244,122 244,124 244,125 244,127
244,134 244,135 244,136 244,137 244,138 244,139 244,140 244,142
244,157 244,158 244,159 244,160 244,162 244,164 244,165 244,167 244,169
245,118 245,120 245,121 245,122 245,124 245,125 245,127 245,128
245,135 245,136 245,137 245,138 245,139 245,142
245,158 245,159 245,160 245,162 245,165 245,167 245,168 245,169 245,170
246,118 246,119 246,122 246,123 246,124 246,125 246,127 246,128 246,129
246,137 246,138 246,139 246,140 246,142
246,159 246,160 246,162 246,165 246,167 246,168 246,169 246,170
247,118 247,119 247,120 247,122 247,123 247,124 247,125 247,128 247,129 247,130
247,137 247,138 247,139 247,140 247,142
247,159 247,160 247,162 247,164 247,165 247,167 247,168 247,169
248,159 248,160 248,162
249,120 249,121 249,122 249,124 249,125
249,138 249,139 249,140 249,142
249,159 249,160 249,162 249,163 249,164 249,165 249,166 249,167 249,168 249,169
250,121 250,122 250,124 250,125
250,129 250,130 250,132
250,139 250,140 250,142
250,159 250,160 250,162 250,163 250,164 250,165 250,166 250,167
251,122 251,123 251,124 251,125 251,127 251,129 251,130 251,132
251,139 251,140 251,141 251,142 251,143 251,144
251,159 251,160 251,162
252,123 252,124 252,125 252,127 252,128 252,130 252,132
252,140 252,141 252,142 252,143 252,144 252,145
252,175 252,176 252,177
254,125 254,127 254,128 254,129 254,130 254,132
254,142 254,144 254,145 254,146 254,147
255,129 255,130 255,132
255,142 255,144 255,145 255,146 255,147 255,148
257,125 257,126 257,127
257,132 257,133 257,134
257,139 257,140 257,142 257,144 257,145 257,147 257,148 257,149 257,150
257,159 257,160 257,162
258,125 258,126 258,127 258,128
258,132 258,133 258,134 258,135 258,138 258,139 258,140 258,142 258,145 258,147 258,148 258,149 258,150 258,152
258,158 258,159 258,160 258,162
259,128 259,129 259,132 259,134 259,135 259,137 259,138 259,139 259,142
259,152 259,153 259,154 259,155 259,156 259,157 259,158 259,159 259,162
260,128 260,129 260,130
260,134 260,135 260,137 260,138
260,144 260,145 260,147 260,148
260,152 260,153 260,154 260,155 260,156 260,157
262,130 262,131 262,132 262,134 262,135 262,136 262,137
262,144 262,145 262,147 262,148
263,130 263,131 263,132 263,135 263,136 263,137 263,138 263,139
264,132 264,134 264,135 264,137 264,138 264,140 264,142 264,144
265,132 265,134 265,135 265,137 265,138 265,140 265,142
265,148 265,150 265,152
267,132 267,133 267,134 267,137 267,138 267,139 267,142
268,132 268,133 268,134 268,135 268,138 268,139 268,140
270,135 270,136 270,137 270,139 270,140 270,141 270,142 270,144 270,145 270,147
271,137 271,138 271,139 271,140 271,141 271,142 271,144 271,145 271,147 271,148 271,149
272,138 272,139 272,140 272,142 272,144 272,145 272,147 272,150 272,152
272,167 272,168 272,170
273,138 273,139 273,140 273,142 273,144 273,145 273,147 273,148
275,140 275,142 275,143 275,144 275,147 275,148
276,140 276,142 276,143 276,144 276,145
276,180 276,181 276,182
278,140 278,141 278,142 278,144 278,145 278,146 278,147 278,148 278,149 278,150 278,152 278,155 278,157
280,142 280,143 280,144 280,147 280,148 280,149 280,150 280,152
281,144 281,145 281,148 281,149 281,150 281,152
282,149 282,150 282,152
283,145 283,146 283,147 283,149 283,150 283,152 283,154
284,146 284,147 284,148 284,149 284,150 284,152 284,154 284,155
285,148 285,149 285,150 285,151 285,152 285,154 285,155
285,170 285,171 285,172 285,174
285,178 285,179 285,182
286,149 286,150 286,151 286,152
286,157 286,158 286,159
286,170 286,171 286,172 286,174 286,177 286,178 286,179 286,180 286,182 286,183 286,184
288,150 288,152 288,153 288,154
288,165 288,166 288,167 288,168 288,169 288,170 288,172
289,150 289,152 289,153 289,154 289,155 289,157 289,158
289,162 289,164 289,165 289,166 289,167 289,169 289,172
289,180 289,182 289,184
291,150 291,151 291,152 291,154 291,155 291,156 291,157 291,158 291,159 291,162 291,164
291,172 291,174 291,175 291,177 291,178
293,152 293,153 293,154 293,157 293,158
293,172 293,174 293,175 293,177 293,178
294,153 294,154 294,155 294,158 294,159 294,162 294,164
294,174 294,175 294,177 294,178
295,174 295,175 295,177 295,178
296,155 296,156 296,157 296,160 296,162 296,164
296,174 296,175 296,177 296,178
297,155 297,156 297,157 297,158
297,162 297,164 297,165
297,179 297,182 297,184
298,158 298,159 298,162 298,163 298,164 298,165
298,180 298,182 298,184
299,158 299,159 299,160 299,162 299,163 299,164 299,165
301,164 301,165 301,166 301,167 301,168 301,169 301,172
301,178 301,179 301,180 301,181 301,182 301,184
302,165 302,166 302,167 302,168 302,169
302,180 302,181 302,182 302,184
304,160 304,161 304,162
304,167 304,168 304,169 304,170 304,172
304,179 304,180 304,181 304,182 304,184
306,162 306,163 306,164 306,165
306,170 306,172 306,173 306,174 306,175 306,176 306,177 306,178 306,179 306,180 306,182 306,183 306,184
307,162 307,163 307,164 307,165 307,167
307,172 307,173 307,174 307,175 307,176 307,177 307,178 307,179 307,182 307,183 307,184
309,165 309,166 309,167 309,168 309,169
309,180 309,181 309,182
310,167 310,168 310,169 310,170
311,170 311,171 311,172 311,173 311,174 311,175 311,176 311,177 311,178 311,179
