21,235 21,236 21,236 21,237 21,238 21,239 21,240 21,241 21,242 21,243 21,244 21,244 21,245 21,246
22,204 22,205
22,216 22,217 22,218 22,219 22,220 22,221 22,222 22,222 22,223 22,224 22,225 22,226 22,227 22,228 22,229 22,229 22,230 22,231 22,232 22,233 22,234 22,235 22,236 22,236 22,237 22,238 22,239 22,240 22,241 22,242 22,243 22,244 22,244
22,246 22,247 22,248 22,249 22,250 22,251 22,251 22,252 22,253 22,254 22,255 22,256
23,203 23,204 23,205 23,206 23,207 23,207 23,208 23,209 23,210 23,211 23,212 23,213 23,214 23,215 23,215 23,216
23,220 23,221 23,222 23,222 23,223 23,224 23,225 23,226 23,227 23,228 23,229
23,231 23,232 23,233
23,236 23,236 23,237 23,238 23,239 23,240 23,241 23,242 23,243 23,244 23,244 23,245
23,256 23,257 23,258 23,258
24,202 24,203
24,207 24,208 24,209 24,210 24,211 24,212
24,214
24,215 24,216 24,217
24,227
24,229
24,230 24,231 24,232
24,258 24,259
25,202
25,207 25,207 25,208 25,209 25,210 25,211 25,212 25,213 25,214
25,215 25,216
25,237 25,238 25,239 25,240 25,241 25,242 25,243
25,258 25,259 25,260 25,261 25,262
26,114 26,115 26,116 26,117 26,118 26,119 26,120 26,120 26,121 26,122
26,194 26,195 26,196 26,197
26,200 26,201 26,202
26,206 26,207 26,207 26,208 26,209 26,210 26,211 26,212 26,213 26,214
26,236 26,237
26,239 26,240 26,241 26,242
26,258 26,259
26,261 26,262 26,263
27,114
27,122 27,123 27,124
27,154 27,155 27,156 27,156 27,157 27,158 27,159 27,160 27,161 27,162 27,163 27,164 27,164 27,165 27,166 27,167 27,168 27,169 27,170 27,171 27,171 27,172 27,173 27,174 27,175 27,176 27,177 27,178 27,178 27,179 27,180 27,181 27,182 27,183 27,184 27,185 27,185 27,186 27,187 27,188 27,189 27,190 27,191 27,192 27,193 27,193 27,194
27,197 27,198 27,199 27,200 27,200 27,201
27,206 27,207
27,208 27,209 27,210 27,211 27,212 27,213 27,214
27,258 27,259
27,261 27,262 27,263
28,113 28,113 28,114
28,116
28,118 28,119 28,120 28,120
28,122 28,123 28,124 28,125 28,126 28,127 28,127 28,128 28,129 28,130 28,131 28,132 28,133 28,134 28,135 28,135 28,136 28,137 28,138 28,139 28,140 28,141 28,142 28,142 28,143 28,144 28,145 28,146 28,147 28,148 28,149 28,149 28,150 28,151 28,152 28,153 28,154
28,157 28,158
28,160 28,161 28,162
28,164 28,165 28,166 28,167 28,168 28,169 28,170 28,171
28,172 28,173 28,174 28,175 28,176 28,177 28,178 28,178
28,181 28,182 28,183
28,185 28,185 28,186
28,189 28,190 28,191
28,193 28,194
28,197 28,198 28,199 28,200 28,200 28,201 28,202 28,203
28,206 28,207 28,207 28,208 28,209
28,211 28,212 28,213 28,214
28,258 28,258 28,259
28,261 28,262 28,263
29,97 29,98 29,98 29,99 29,100 29,101 29,102 29,103 29,104 29,105 29,105 29,106 29,107 29,108 29,109 29,110 29,111 29,112 29,113
29,117
29,119 29,120 29,120
29,122 29,123
29,127 29,127 29,128
29,157 29,158
29,160 29,161 29,162
29,164 29,165 29,166 29,167
29,169 29,170 29,171
29,172 29,173 29,174 29,175
29,177 29,178 29,178 29,179
29,181 29,182 29,183 29,184 29,185 29,185 29,186 29,187
29,190 29,191 29,192
29,193 29,194 29,195
29,198 29,199 29,200
29,202 29,203
29,207 29,207 29,208 29,209 29,210 29,211 29,212 29,213 29,214
29,230
29,244 29,244
29,251 29,251 29,252 29,253 29,254
29,258 29,258
29,261 29,262 29,263
30,97 30,98
30,119 30,120 30,120
30,122 30,123
30,157 30,158
30,161 30,162 30,163
30,166 30,167
30,170 30,171
30,174 30,175 30,176
30,178 30,178 30,179
30,182 30,183 30,184
30,185 30,186 30,187 30,188
30,190 30,191 30,192
30,193 30,194 30,195 30,196
30,199 30,200
30,201 30,202 30,203
30,206 30,207 30,207 30,208 30,209 30,210 30,211 30,212 30,213 30,214
30,230
30,244
30,251 30,251 30,252 30,253 30,254
30,258 30,258
30,261 30,262 30,263
31,98 31,98 31,99 31,100 31,101 31,102 31,103 31,104
31,119 31,120
31,122 31,123 31,124 31,125
31,157
31,159 31,160 31,161 31,162 31,163 31,164 31,164 31,165 31,166 31,167
31,170 31,171
31,174 31,175
31,178 31,179
31,182 31,183 31,184
31,186 31,187
31,191 31,192
31,193 31,194 31,195
31,199 31,200 31,200
31,202
31,206 31,207 31,207 31,208
31,211 31,212 31,213 31,214
31,230
31,251 31,251
31,255
31,258 31,258
31,261 31,262 31,263
32,104
32,118 32,119 32,120
32,122 32,123 32,124 32,125 32,126
32,158 32,159 32,160
32,162 32,163 32,164 32,164 32,165 32,166 32,167
32,173
32,175
32,181
32,185 32,186 32,187
32,193 32,193 32,194
32,201
32,206 32,207 32,207
32,211 32,212 32,213 32,214
32,258 32,258 32,259
32,261 32,262 32,263
33,102 33,103 33,104
33,121 33,122 33,123 33,124 33,125 33,126
33,207
33,208
33,211 33,212 33,213 33,214
33,217
33,258 33,259 33,260 33,261 33,262
34,102
34,122 34,123 34,124 34,125 34,126
34,207 34,208
34,210 34,211 34,212 34,213 34,214
34,218
34,258 34,258
35,102 35,103 35,104 35,105 35,105 35,106 35,107 35,108 35,109 35,110 35,111 35,112 35,113 35,113 35,114 35,115 35,116 35,117 35,118 35,119 35,120
35,122 35,123 35,124 35,125 35,126
35,133 35,134 35,135 35,135 35,136 35,137 35,138 35,139 35,140 35,141 35,142 35,142 35,143 35,144
35,205 35,206 35,207 35,207 35,208 35,209
35,211 35,212 35,213 35,214 35,215
35,258
36,117 36,118 36,119 36,120
36,123 36,124 36,125 36,126 36,127 36,127 36,128 36,129 36,130 36,131 36,132 36,133 36,134 36,135 36,135 36,136 36,137 36,138 36,139 36,140 36,141 36,142 36,142 36,143 36,144 36,145 36,146 36,147 36,148 36,149 36,149 36,150 36,151 36,152 36,153 36,154 36,155 36,156 36,156 36,157 36,158 36,159
36,205 36,206 36,207 36,207 36,208 36,209
36,211 36,212 36,213
36,258
37,117
37,125 37,126 37,127
37,159 37,160 37,161 37,162 37,163 37,164 37,164 37,165 37,166 37,167 37,168 37,169 37,170 37,171 37,171 37,172 37,173 37,174 37,175 37,176 37,177 37,178 37,178 37,179 37,180 37,181 37,182 37,183 37,184 37,185 37,185 37,186 37,187 37,188 37,189 37,190 37,191 37,192 37,193 37,193 37,194 37,195 37,196 37,197 37,198 37,199 37,200 37,200
37,205 37,206
37,209
37,258
38,117 38,118 38,119 38,120 38,120 38,121 38,122 38,123 38,124 38,125
38,200 38,201
38,205 38,206
38,217
38,231 38,232 38,233 38,234 38,235 38,236 38,236 38,237 38,238 38,239
38,258
39,201
39,206
39,216
39,218 39,219
39,231 39,232 39,233 39,234 39,235 39,236 39,236 39,237 39,238
39,242
39,258
40,201
40,219 40,220
40,241 40,242
40,258 40,258
41,201 41,202
41,205 41,206 41,207 41,207 41,208 41,209 41,210 41,211 41,212 41,213 41,214 41,215 41,215 41,216 41,217 41,218 41,219
41,242 41,243
41,258
42,202 42,203 42,204 42,205
42,217 42,218 42,219
42,242 42,243
42,258
43,218 43,219
43,242 43,243 43,244
43,258
44,218 44,219
44,242 44,243 44,244
44,258
45,218 45,219
45,242 45,243 45,244
45,258 45,258
46,218 46,219
46,243 46,244
46,246 46,247 46,248 46,249 46,250 46,251 46,251 46,252 46,253 46,254 46,255 46,256 46,257 46,258 46,258 46,259
47,218 47,219
47,243 47,244
47,246 47,247 47,248 47,249 47,250 47,251 47,251 47,252 47,253 47,254 47,255 47,256 47,257 47,258 47,258 47,259
48,218 48,219
48,243 48,244 48,244
48,246 48,247 48,248
48,259
49,218 49,219
49,243 49,244 49,244
49,246 49,247 49,248 49,249 49,250 49,251 49,251 49,252 49,253 49,254 49,255 49,256 49,257 49,258 49,258 49,259
50,218 50,219
50,244 50,244
50,246 50,247 50,248 50,249 50,250 50,251 50,251 50,252 50,253 50,254 50,255 50,256 50,257 50,258 50,258 50,259 50,260
51,218 51,219
51,244 51,244
51,259 51,260
52,218 52,219
52,244 52,244
52,247 52,248 52,249 52,250 52,251 52,251 52,252 52,253 52,254 52,255 52,256 52,257 52,258 52,258 52,259 52,260
53,218 53,219
53,244 53,244
53,247 53,248 53,249 53,250 53,251 53,251 53,252 53,253 53,254 53,255 53,256 53,257 53,258 53,258 53,259 53,260
54,218 54,219
54,244 54,244
54,247 54,248 54,249
54,260 54,261
55,218 55,219
55,244 55,244 55,245
55,247 55,248 55,249 55,250 55,251 55,251 55,252 55,253 55,254 55,255 55,256 55,257 55,258 55,258 55,259 55,260 55,261
56,218 56,219
56,244 56,244 56,245
56,248 56,249 56,250 56,251 56,251 56,252 56,253 56,254 56,255 56,256 56,257 56,258 56,258 56,259 56,260 56,261
57,218 57,219
57,244 57,244 57,245
57,248 57,249 57,250 57,251 57,251 57,252 57,253 57,254 57,255 57,256 57,257 57,258 57,258 57,259
57,261
58,217 58,218 58,219
58,244 58,245
58,258
58,261
59,217 59,218 59,219
59,224 59,225 59,226 59,227 59,228 59,229 59,229 59,230 59,231 59,232 59,233 59,234 59,235 59,236 59,236 59,237 59,238 59,239 59,240 59,241 59,242 59,243
59,244 59,245 59,246
59,249 59,250 59,251 59,251 59,252 59,253 59,254 59,255 59,256 59,257 59,258 59,258 59,259 59,260 59,261
60,218 60,219
60,225 60,226 60,227 60,228 60,229 60,229 60,230 60,231 60,232 60,233 60,234 60,235 60,236 60,236 60,237 60,238 60,239 60,240 60,241 60,242 60,243
60,244 60,245 60,246
60,249 60,250 60,251 60,251 60,252 60,253 60,254 60,255 60,256 60,257 60,258 60,258 60,259 60,260 60,261 60,262
61,217 61,218 61,219
61,242 61,243
61,244 61,245 61,246
61,249 61,250 61,251
61,262
62,217 62,218 62,219
62,242 62,243 62,244
62,245 62,246
62,249 62,250 62,251 62,251 62,252 62,253 62,254 62,255 62,256 62,257 62,258 62,258 62,259 62,260 62,261 62,262
63,218
63,242 63,243 63,244
63,245 63,246
63,250 63,251 63,251 63,252 63,253 63,254 63,255 63,256 63,257 63,258 63,258 63,259 63,260 63,261 63,262 63,263
64,218
64,242 64,243 64,244
64,245 64,246 64,247
64,263
65,218
65,222
65,243 65,244 65,244 65,245 65,246 65,247
65,250 65,251 65,251 65,252 65,253 65,254 65,255 65,256 65,257 65,258 65,258 65,259 65,260 65,261 65,262 65,263
66,218
66,222 66,223
66,225
66,243 66,244 66,244
66,246 66,247
66,250 66,251 66,251 66,252 66,253 66,254 66,255 66,256 66,257 66,258 66,258 66,259 66,260 66,261 66,262 66,263 66,264
67,218
67,222 67,223 67,224
67,243 67,244 67,244
67,246 67,247
67,250 67,251
67,264
68,218
68,222
68,224
68,243 68,244 68,244
68,246 68,247
68,250 68,251
68,264
69,218
69,225
69,244 69,244
69,246 69,247
69,250 69,251 69,251 69,252 69,253 69,254 69,255 69,256 69,257 69,258 69,258 69,259 69,260 69,261 69,262 69,263 69,264
70,218
70,244 70,244
70,246 70,247
70,251 70,251 70,252 70,253 70,254 70,255 70,256 70,257 70,258 70,258 70,259 70,260 70,261 70,262 70,263 70,264
71,218
71,244 71,244
71,246 71,247
71,264 71,265
72,218
72,244 72,244
72,246 72,247 72,248
72,251 72,252 72,253 72,254 72,255 72,256 72,257 72,258 72,258 72,259 72,260 72,261 72,262 72,263 72,264 72,265
73,218
73,244 73,244
73,246 73,247 73,248
73,251 73,252 73,253 73,254 73,255 73,256 73,257 73,258 73,258 73,259 73,260 73,261 73,262 73,263 73,264 73,265
74,217 74,218
74,244 74,244 74,245
74,247 74,248 74,249
74,251 74,252
74,265
75,217
75,244 75,245
75,247 75,248
75,251 75,252
75,259
75,261 75,262 75,263 75,264 75,265
76,217 76,218
76,244 76,245 76,246 76,247 76,248
76,251 76,252 76,253 76,254 76,255 76,256 76,257 76,258 76,258 76,259 76,260 76,261 76,262 76,263 76,264 76,265
77,217 77,218 77,219
77,244 77,245 77,246 77,247 77,248
77,251 77,252 77,253 77,254 77,255 77,256 77,257 77,258 77,258 77,259 77,260 77,261 77,262 77,263
77,265
78,217 78,218 78,219
78,265 78,265
79,217 79,218 79,219
79,265
80,217 80,218 80,219
80,265
81,217 81,218 81,219
81,265 81,266
82,217 82,218 82,219
82,266
83,217 83,218
83,266
84,217 84,218
84,256
84,266 84,267
85,217 85,218 85,219
85,255
85,267
86,217 86,218 86,219
86,254 86,255
86,257
86,267
87,217 87,218 87,219
87,254 87,255 87,256 87,257
87,267
88,217
88,219
88,255 88,256 88,257
88,267
89,217 89,218
89,224
89,239 89,240 89,241 89,242
89,247 89,248 89,249 89,250
89,252
89,255 89,256
89,258
89,267
90,217 90,218 90,219
90,223
90,238 90,239 90,240 90,241 90,242
90,248 90,249
90,251 90,252
90,256 90,257
90,258
90,267
91,217 91,218 91,219
91,237
91,239
91,250
91,251
91,257
91,267 91,268
92,217 92,218 92,219 92,220 92,221 92,222 92,222 92,223 92,224 92,225 92,226 92,227 92,228 92,229 92,229 92,230 92,231 92,232
92,237
92,251 92,251
92,257
92,262 92,263
92,267 92,268
93,217 93,218 93,219 93,220 93,221 93,222 93,222 93,223 93,224 93,225 93,226 93,227 93,228 93,229 93,229 93,230 93,231 93,232 93,233
93,238
93,250
93,251
93,256 93,257 93,258
93,261 93,262
93,267 93,268
94,216 94,217
94,266
94,268
95,216
95,250
95,265
95,267 95,268
96,216
96,251
96,263 96,264 96,265 96,265 96,266 96,267 96,268
97,215 97,216
97,262 97,263 97,264 97,265 97,265
97,267 97,268 97,269
98,215
98,269
99,215
99,259 99,260 99,261 99,262 99,263 99,264 99,265 99,265 99,266 99,267 99,268 99,269
100,215
100,258 100,259 100,260 100,261 100,262 100,263 100,264 100,265 100,265 100,266 100,267 100,268 100,269
101,215
101,266 101,267 101,268 101,269
102,215
102,267 102,268 102,269 102,270
103,215
103,268
103,270
104,215
104,262 104,263 104,264 104,265 104,265 104,266 104,267 104,268
104,270
105,215
105,261 105,262 105,263 105,264 105,265 105,265 105,266 105,267 105,268
105,270 105,271
106,215 106,216
106,251
106,267 106,268
106,270 106,271
107,215 107,216 107,217 107,218
107,250 107,251
107,267 107,268 107,269 107,270
108,215
108,217 108,218
108,251
108,253
108,267 108,268 108,269
109,215 109,215
109,217
109,252 109,253 109,254 109,255
109,267 109,268
110,207 110,208 110,209 110,210 110,211 110,212 110,213 110,214 110,215
110,252 110,253 110,254 110,255 110,256 110,257 110,258 110,258 110,259
110,266 110,267
111,206 111,207 111,207
111,253 111,254 111,255 111,256 111,257 111,258 111,258 111,259
111,267
112,206
112,252 112,253
112,258 112,259
112,267
113,206 113,207 113,207 113,208 113,209 113,210 113,211 113,212 113,213 113,214 113,215 113,215
113,258
113,267
114,206 114,207 114,207 114,208 114,209 114,210 114,211 114,212 114,213 114,214 114,215
114,267
115,206
115,267 115,268
116,206 116,207 116,207 116,208
116,247 116,248 116,249 116,250 116,251
116,268 116,269
117,205 117,206 117,207 117,207
117,246 117,247 117,248 117,249 117,250
117,256
117,269 117,270 117,271 117,272 117,273 117,273 117,274 117,275 117,276 117,277 117,278 117,279 117,280 117,280 117,281 117,282 117,283 117,284 117,285 117,286 117,287 117,287 117,288 117,289 117,290 117,291 117,292 117,293 117,294 117,295 117,295 117,296 117,297 117,298 117,299 117,300 117,301 117,302 117,302 117,303 117,304 117,305 117,306 117,307 117,308 117,309 117,309
118,205
118,247
118,250
118,257
118,309 118,310
119,205
119,251
119,272
119,310
120,205
120,251
120,256
120,273
120,301
120,310
121,205
121,250
121,256 121,257
121,262
121,265
121,272 121,273
121,300 121,301
121,310
122,205
122,256 122,257
122,261 122,262
122,264 122,265
122,272 122,273
122,300 122,301
122,310
123,205
123,253
123,257
123,259
123,261 123,262
123,264 123,265
123,272
123,294
123,297 123,298
123,301 123,302
123,310
124,205
124,254
124,258
124,260
124,265
124,271
124,273
124,295
124,296 124,297 124,298
124,300 124,301
124,302
124,309
124,310
125,205
125,233
125,259
125,300 125,301
125,309 125,310
126,205
126,232
126,272
126,300 126,301
126,310
127,205
127,214 127,215
127,226
127,232
127,250 127,251 127,251
127,256
127,260 127,261 127,262
127,265
127,268
127,273
127,292
127,295
127,300 127,301 127,302 127,302
127,310
128,205 128,206
128,213 128,214
128,227
128,232 128,233
128,249 128,250 128,251
128,256 128,257
128,261 128,262 128,263 128,264
128,267
128,272 128,273
128,293 128,294
128,300 128,301 128,302
128,310
129,206
129,246
129,249
129,256 129,257
129,261 129,262
129,272 129,273
129,300 129,301
129,310
130,206
130,244 130,245
130,250
130,256 130,257
130,272 130,273
130,291
130,294
130,310
131,206
131,244 131,245
131,256 131,257 131,258
131,259
131,265
131,266 131,267 131,268
131,291 131,292 131,293 131,294 131,295
131,309 131,310
132,206
132,252 132,253
132,256 132,257 132,258 132,258
132,265 132,266 132,267 132,268
132,278 132,279 132,280 132,280 132,281 132,282 132,283 132,284 132,285 132,286 132,287 132,287 132,288 132,289 132,290 132,291 132,292 132,293 132,294 132,295 132,295 132,296
132,300 132,301 132,302 132,302 132,303 132,304 132,305 132,306 132,307 132,308 132,309 132,309
133,206 133,207 133,207 133,208 133,209 133,210 133,211 133,212 133,213 133,214 133,215 133,215 133,216 133,217 133,218 133,219 133,220 133,221 133,222 133,222 133,223
133,252 133,253
133,267 133,268 133,269 133,270 133,271 133,272 133,273 133,273 133,274 133,275 133,276 133,277 133,278
133,291 133,292 133,293 133,294 133,295 133,295 133,296 133,297 133,298 133,299 133,300
134,202 134,203 134,204 134,205 134,206 134,207 134,207 134,208 134,209 134,210 134,211 134,212 134,213 134,214 134,215 134,215 134,216 134,217 134,218 134,219 134,220 134,221 134,222 134,222 134,223 134,224 134,225 134,226 134,227 134,228 134,229 134,229 134,230 134,231 134,232 134,233 134,234 134,235
134,252 134,253
134,266 134,267
135,194 135,195 135,196 135,197 135,198 135,199 135,200 135,200 135,201 135,202
135,208 135,209 135,210 135,211 135,212 135,213 135,214 135,215 135,215 135,216 135,217 135,218 135,219 135,220 135,221 135,222 135,222 135,223 135,224 135,225 135,226 135,227 135,228 135,229 135,229 135,230 135,231 135,232 135,233 135,234 135,235
135,244 135,245 135,246 135,247 135,248 135,249 135,250 135,251 135,251 135,252 135,253
135,266
135,270 135,271
136,189 136,190 136,191 136,192 136,193 136,193 136,194
136,207
136,244 136,244 136,245 136,246 136,247 136,248 136,249 136,250 136,251 136,251 136,252 136,253
136,266 136,267
136,269 136,270 136,271 136,272 136,273 136,273
137,183 137,184 137,185 137,185 137,186 137,187 137,188 137,189
137,194
137,208
137,267 137,268 137,269
137,273 137,274 137,275 137,276
138,167 138,168 138,169 138,170 138,171 138,171 138,172 138,173 138,174 138,175 138,176 138,177 138,178 138,178 138,179 138,180 138,181 138,182 138,183 138,184
138,194
138,267
138,276 138,277 138,278 138,279
139,160 139,161 139,162 139,163 139,164 139,164 139,165 139,166 139,167
139,178
139,279
140,143 140,144 140,145 140,146 140,147 140,148 140,149 140,149 140,150 140,151 140,152 140,153 140,154 140,155 140,156 140,156 140,157 140,158 140,159 140,160 140,161 140,162 140,163 140,164 140,164 140,165 140,166 140,167 140,168 140,169
140,178
140,274 140,275 140,276 140,277
140,279
141,122 141,123 141,124 141,125 141,126 141,127 141,127 141,128 141,129 141,130 141,131 141,132 141,133 141,134 141,135 141,135 141,136 141,137 141,138 141,139 141,140 141,141 141,142 141,142 141,143
141,148
141,149 141,150
141,160 141,161 141,162 141,163 141,164 141,164 141,165 141,166 141,167 141,168 141,169 141,170
141,274 141,275 141,276
141,279
142,111 142,112 142,113 142,113 142,114 142,115 142,116 142,117 142,118 142,119 142,120 142,120 142,121 142,122 142,123 142,124 142,125 142,126
142,130 142,131 142,132 142,133 142,134 142,135 142,135
142,142 142,143
142,149
142,150 142,151
142,279
143,95 143,96 143,97 143,98 143,98 143,99 143,100 143,101 143,102 143,103 143,104 143,105 143,105 143,106 143,107 143,108 143,109 143,110 143,111 143,112 143,113 143,113 143,114 143,115 143,116 143,117
143,119 143,120 143,120 143,121 143,122 143,123 143,124 143,125 143,126 143,127
143,142 143,143
143,170
143,171
143,279
144,85 144,86 144,87 144,88 144,89 144,90 144,91 144,91 144,92 144,93 144,94 144,95 144,96 144,97 144,98 144,98 144,99 144,100 144,101 144,102 144,103 144,104 144,105
144,110 144,111 144,112 144,113 144,113 144,114 144,115 144,116 144,117 144,118 144,119 144,120 144,120 144,121 144,122 144,123 144,124 144,125 144,126 144,127 144,127 144,128 144,129 144,130 144,131 144,132 144,133 144,134 144,135 144,135 144,136 144,137
144,143
144,154 144,155 144,156 144,156 144,157 144,158 144,159
144,166 144,167 144,168 144,169 144,170 144,171 144,171 144,172 144,173 144,174 144,175
144,178 144,179 144,180
144,215
144,247
144,252 144,253
144,257
144,258 144,259 144,260 144,261 144,262 144,263 144,264 144,265 144,265
144,267
144,273
144,279
145,61 145,62 145,62 145,63 145,64 145,65 145,66 145,67 145,68 145,69 145,69 145,70 145,71 145,72 145,73 145,74 145,75 145,76 145,76 145,77 145,78 145,79 145,80 145,81 145,82 145,83 145,84 145,84 145,85
145,96 145,97 145,98 145,98 145,99 145,100 145,101 145,102 145,103 145,104 145,105
145,116 145,117 145,118 145,119 145,120 145,120 145,121 145,122 145,123 145,124 145,125 145,126 145,127 145,127 145,128 145,129 145,130 145,131 145,132 145,133 145,134 145,135 145,135 145,136 145,137
145,149
145,154
145,156 145,156 145,157 145,158 145,159
145,161 145,162
145,166 145,167 145,168 145,169 145,170 145,171 145,171 145,172 145,173 145,174 145,175 145,176
145,178 145,179 145,180
145,182
145,215
145,246
145,251 145,252
145,256
145,258 145,258 145,259 145,260 145,261 145,262 145,263 145,264 145,265 145,265 145,266
145,268
145,272
145,279
146,47 146,48 146,49 146,50 146,51 146,52 146,53 146,54 146,55 146,55 146,56 146,57 146,58 146,59 146,60 146,61
146,70 146,71 146,72 146,73 146,74
146,82
146,84 146,84
146,92
146,150 146,151 146,152 146,153 146,154 146,155 146,156 146,156 146,157 146,158 146,159 146,160
146,162 146,163
146,168 146,169 146,170 146,171 146,171 146,172 146,173 146,174 146,175 146,176
146,181
146,183 146,184
146,279
147,42 147,43 147,44 147,45 147,46 147,47 147,47
147,50 147,51 147,52 147,53 147,54
147,56 147,57 147,58 147,59 147,60 147,61 147,62 147,62 147,63 147,64 147,65 147,66 147,67 147,68 147,69
147,71 147,72 147,73 147,74 147,75 147,76 147,76 147,77 147,78 147,79 147,80 147,81 147,82 147,83 147,84 147,84
147,91 147,92 147,93 147,94 147,95 147,96 147,97 147,98 147,98
147,151 147,152 147,153 147,154 147,155 147,156 147,156 147,157 147,158 147,159 147,160 147,161 147,162 147,163 147,164 147,164 147,165 147,166 147,167 147,168 147,169 147,170 147,171 147,171 147,172 147,173 147,174 147,175 147,176 147,177
147,182 147,183
147,193
147,279
148,31 148,32 148,33 148,33 148,34 148,35 148,36 148,37 148,38 148,39 148,40 148,40 148,41 148,42
148,49 148,50 148,51 148,52 148,53 148,54 148,55 148,55 148,56 148,57 148,58 148,59 148,60 148,61 148,62 148,62 148,63 148,64 148,65 148,66 148,67 148,68 148,69
148,72 148,73 148,74 148,75 148,76 148,76 148,77 148,78 148,79 148,80 148,81 148,82 148,83 148,84 148,84 148,85
148,91 148,92 148,93 148,94 148,95 148,96 148,97 148,98 148,98 148,99
148,138 148,139 148,140 148,141 148,142 148,142 148,143 148,144 148,145 148,146 148,147 148,148 148,149 148,149 148,150 148,151 148,152 148,153 148,154 148,155 148,156 148,156 148,157 148,158 148,159 148,160 148,161 148,162 148,163 148,164 148,164 148,165 148,166 148,167 148,168 148,169 148,170 148,171 148,171 148,172 148,173 148,174 148,175 148,176 148,177
148,192
148,202 148,203 148,204 148,205
148,279
149,27 149,28 149,29 149,30 149,31
149,48 149,49 149,50 149,51
149,54
149,73
149,137 149,138 149,139 149,140 149,141 149,142 149,142 149,143 149,144 149,145 149,146 149,147 149,148 149,149 149,149 149,150 149,151 149,152 149,153
149,176 149,177
149,201 149,202 149,203 149,204 149,205 149,206 149,207 149,207 149,208 149,209 149,210 149,211 149,212 149,213 149,214 149,215 149,215 149,216 149,217 149,218 149,219 149,220 149,221 149,222 149,222 149,223 149,224
149,226 149,227 149,228 149,229 149,229 149,230 149,231 149,232 149,233 149,234 149,235 149,236 149,236 149,237 149,238 149,239 149,240 149,241 149,242 149,243 149,244 149,244
149,246 149,247 149,248 149,249 149,250 149,251 149,251 149,252 149,253 149,254 149,255 149,256 149,257 149,258 149,258 149,259 149,260 149,261 149,262 149,263 149,264 149,265 149,265 149,266 149,267 149,268 149,269 149,270 149,271 149,272 149,273 149,273 149,274 149,275 149,276
149,279 149,280
150,23 150,24 150,25 150,25 150,26 150,27
150,48 150,49 150,50 150,51 150,52 150,53 150,54 150,55 150,55 150,56 150,57 150,58
150,137 150,138 150,139
150,158
150,176 150,177
150,191 150,192
150,198 150,199
150,201 150,202 150,203 150,204 150,205 150,206 150,207 150,207 150,208 150,209 150,210 150,211 150,212 150,213 150,214 150,215 150,215 150,216 150,217 150,218 150,219 150,220 150,221 150,222 150,222 150,223 150,224 150,225 150,226 150,227 150,228 150,229 150,229 150,230 150,231 150,232 150,233 150,234 150,235 150,236 150,236 150,237 150,238 150,239 150,240 150,241 150,242 150,243 150,244 150,244
150,246 150,247 150,248 150,249 150,250 150,251 150,251 150,252 150,253 150,254 150,255 150,256 150,257 150,258 150,258 150,259 150,260 150,261 150,262 150,263 150,264 150,265 150,265 150,266 150,267 150,268 150,269 150,270 150,271 150,272 150,273 150,273 150,274 150,275 150,276 150,277
150,280
151,20 151,21 151,22 151,23
151,48 151,49 151,50 151,51 151,52 151,53 151,54 151,55 151,55 151,56 151,57 151,58 151,59
151,136 151,137 151,138
151,158 151,159
151,176 151,177
151,190 151,191 151,192 151,193
151,199 151,200 151,200 151,201 151,202 151,203
151,206 151,207
151,209
151,212 151,213 151,214 151,215 151,215 151,216 151,217 151,218
151,220 151,221 151,222 151,222 151,223 151,224 151,225 151,226 151,227
151,229
151,231 151,232 151,233 151,234 151,235 151,236 151,236 151,237 151,238 151,239 151,240 151,241
151,244 151,244
151,246 151,247 151,248 151,249 151,250 151,251 151,251 151,252 151,253 151,254 151,255 151,256 151,257 151,258 151,258 151,259 151,260
151,262 151,263 151,264 151,265 151,265 151,266 151,267
151,270
151,273 151,274
151,276 151,277
151,280
152,19 152,20
152,48 152,49
152,51 152,52
152,61 152,62 152,62 152,63 152,64 152,65 152,66 152,67 152,68 152,69 152,69
152,136 152,137 152,138
152,176 152,177
152,187
152,190 152,191
152,193
152,208 152,209
152,211
152,213
152,216 152,217 152,218 152,219 152,220 152,221
152,227
152,229 152,230 152,231 152,232 152,233 152,234 152,235 152,236 152,236 152,237 152,238 152,239 152,240 152,241 152,242
152,244
152,248 152,249
152,251 152,251 152,252 152,253 152,254 152,255 152,256 152,257
152,259 152,260 152,261 152,262 152,263 152,264 152,265 152,265 152,266 152,267
152,273 152,274
152,280
153,19
153,29 153,30 153,31 153,32 153,33 153,33 153,34 153,35 153,36 153,37 153,38 153,39 153,40 153,40 153,41 153,42 153,43 153,44 153,45 153,46
153,48 153,49
153,51
153,61 153,62 153,62 153,63 153,64 153,65 153,66 153,67 153,68 153,69
153,137 153,138
153,176 153,177
153,187 153,188
153,190 153,191
153,198
153,200 153,201
153,203 153,204
153,208
153,210
153,212 153,213
153,215
153,217 153,218 153,219 153,220
153,222 153,222
153,227 153,228 153,229 153,229 153,230 153,231 153,232 153,233
153,237 153,238 153,239 153,240 153,241 153,242 153,243
153,244
153,247 153,248 153,249 153,250
153,251 153,252 153,253 153,254 153,255 153,256
153,259 153,260 153,261 153,262 153,263 153,264 153,265 153,265 153,266 153,267
153,269
153,274
153,280
154,19
154,30 154,31 154,32 154,33 154,33 154,34 154,35 154,36 154,37 154,38 154,39 154,40 154,40 154,41 154,42 154,43 154,44 154,45 154,46
154,48 154,49 154,50
154,62
154,72
154,80 154,81
154,137 154,138
154,176 154,177
154,187 154,188
154,190 154,191
154,198 154,199 154,200 154,200 154,201 154,202 154,203 154,204 154,205
154,208 154,209 154,210 154,211
154,213 154,214
154,215 154,216 154,217 154,218 154,219 154,220 154,221 154,222 154,222 154,223 154,224
154,226 154,227 154,228 154,229 154,229 154,230 154,231
154,233 154,234 154,235 154,236 154,236 154,237 154,238 154,239 154,240 154,241 154,242 154,243 154,244 154,244 154,245 154,246 154,247 154,248 154,249 154,250 154,251 154,251 154,252 154,253 154,254 154,255 154,256
154,258
154,259 154,260 154,261 154,262 154,263 154,264 154,265 154,265 154,266 154,267
154,270
154,273 154,274
154,280
155,19
155,45
155,48 155,49
155,51
155,61
155,71 155,72
155,80 155,81
155,137 155,138
155,176 155,177
155,187 155,188
155,190 155,191
155,197 155,198 155,199 155,200 155,200 155,201
155,203 155,204 155,205 155,206
155,209 155,210 155,211
155,213 155,214 155,215 155,215 155,216 155,217 155,218
155,220 155,221 155,222 155,222 155,223
155,226 155,227 155,228 155,229 155,229 155,230 155,231 155,232
155,234 155,235 155,236
155,237 155,238 155,239 155,240 155,241 155,242 155,243 155,244 155,244 155,245 155,246 155,247 155,248 155,249 155,250 155,251 155,251 155,252 155,253 155,254 155,255 155,256 155,257
155,259 155,260 155,261 155,262
155,264 155,265 155,265 155,266 155,267 155,268
155,271
155,273 155,274
155,280
156,19
156,48 156,49
156,71 156,72
156,130
156,137 156,138
156,176 156,177
156,187 156,188
156,190 156,191
156,197 156,198 156,199
156,200 156,201 156,202
156,205 156,206
156,210 156,211
156,214 156,215 156,215 156,216 156,217
156,219 156,220 156,221 156,222 156,222 156,223
156,227 156,228 156,229 156,229
156,233 156,234 156,235 156,236 156,236 156,237 156,238
156,240 156,241 156,242
156,244 156,244
156,249 156,250 156,251
156,254 156,255 156,256 156,257 156,258
156,259 156,260
156,262 156,263
156,265 156,265 156,266 156,267
156,269 156,270
156,274
156,280
157,19
157,31
157,39 157,40 157,40
157,45 157,46
157,48 157,49
157,71 157,72
157,129 157,130
157,137 157,138
157,176 157,177
157,187 157,188
157,190 157,191
157,198 157,199 157,200 157,200 157,201 157,202 157,203 157,204
157,206
157,207
157,210 157,211 157,212 157,213 157,214 157,215 157,215 157,216 157,217
157,219 157,220 157,221 157,222 157,222
157,227 157,228 157,229 157,229 157,230
157,232 157,233
157,235 157,236 157,236 157,237
157,240 157,241 157,242
157,249 157,250 157,251
157,254 157,255 157,256
157,259 157,260 157,261 157,262
157,264 157,265 157,265 157,266 157,267
157,270 157,271
157,273 157,274
157,280
158,19
158,30
158,32
158,38 158,39 158,40 158,40 158,41
158,46
158,48 158,49
158,71 158,72
158,76
158,78
158,129
158,137 158,138
158,176 158,177
158,187 158,188
158,190 158,191
158,198 158,199 158,200 158,200 158,201
158,203
158,205 158,206 158,207
158,209 158,210
158,212 158,213 158,214 158,215
158,216
158,220 158,221 158,222
158,223
158,226 158,227 158,228 158,229 158,229 158,230 158,231 158,232
158,235 158,236 158,236 158,237 158,238
158,240 158,241 158,242
158,248 158,249 158,250 158,251
158,254 158,255 158,256
158,258 158,258 158,259 158,260 158,261 158,262 158,263 158,264 158,265 158,265 158,266 158,267
158,270
158,273 158,274
158,280
159,19
159,48 159,49
159,51
159,68 159,69 159,69 159,70 159,71 159,72
159,77
159,96
159,101
159,104 159,105
159,116
159,118 159,119 159,120 159,120 159,121
159,129 159,130 159,131 159,132
159,136 159,137 159,138
159,176 159,177
159,187 159,188
159,190
159,197 159,198 159,199
159,202
159,207
159,210 159,211
159,215 159,216
159,221
159,222 159,223
159,226 159,227 159,228 159,229
159,230 159,231 159,232 159,233
159,237 159,238 159,239 159,240 159,241 159,242 159,243
159,248 159,249 159,250 159,251
159,254 159,255 159,256 159,257 159,258 159,258 159,259 159,260 159,261 159,262 159,263 159,264 159,265 159,265 159,266 159,267
159,270 159,271
159,273 159,274
159,280
160,19 160,20
160,48 160,49
160,51 160,52
160,67 160,68 160,69 160,69
160,71 160,72
160,97
160,100
160,102 160,103 160,104
160,115
160,119 160,120 160,120
160,130 160,131 160,132
160,135 160,136 160,137 160,138
160,176 160,177
160,187
160,191
160,196 160,197 160,198
160,202
160,205
160,215 160,215
160,217 160,218
160,222 160,223
160,227 160,228 160,229 160,229 160,230 160,231 160,232 160,233 160,234
160,238 160,239 160,240 160,241 160,242 160,243
160,247 160,248 160,249 160,250 160,251 160,251 160,252 160,253 160,254 160,255 160,256
160,259 160,260 160,261 160,262 160,263 160,264 160,265 160,265 160,266 160,267
160,270
160,273 160,274
160,280
161,20 161,21 161,22 161,23 161,24 161,25
161,30 161,31 161,32 161,33 161,33 161,34 161,35 161,36 161,37 161,38 161,39 161,40 161,40 161,41 161,42 161,43 161,44 161,45 161,46 161,47 161,47 161,48 161,49 161,50 161,51 161,52 161,53 161,54 161,55 161,55 161,56 161,57 161,58 161,59 161,60 161,61 161,62 161,62
161,130 161,131 161,132
161,136 161,137 161,138
161,176 161,177
161,190
161,193
161,196 161,197 161,198
161,201
161,206
161,208 161,209
161,213
161,215 161,216 161,217 161,218
161,223
161,226 161,227
161,231 161,232 161,233 161,234 161,235 161,236 161,236 161,237
161,239 161,240 161,241 161,242
161,244 161,244 161,245 161,246 161,247 161,248 161,249
161,251 161,251
161,254 161,255 161,256 161,257
161,259 161,260 161,261 161,262 161,263 161,264 161,265 161,265 161,266 161,267
161,271
161,273 161,274
161,276
161,280
162,25 162,25 162,26 162,27 162,28
162,31 162,32 162,33 162,33 162,34 162,35 162,36 162,37 162,38 162,39 162,40 162,40 162,41 162,42 162,43 162,44 162,45 162,46 162,47 162,47 162,48 162,49 162,50 162,51 162,52 162,53 162,54 162,55 162,55 162,56 162,57 162,58 162,59 162,60 162,61 162,62
162,63
162,130 162,131 162,132
162,136 162,137 162,138 162,139
162,176 162,177
162,192
162,196 162,197
162,200
162,202 162,203 162,204
162,207 162,208
162,213 162,214 162,215 162,215 162,216 162,217
162,222 162,223 162,224 162,225 162,226 162,227 162,228
162,232 162,233 162,234 162,235 162,236 162,236 162,237 162,238 162,239 162,240 162,241
162,244 162,244 162,245 162,246 162,247 162,248
162,250
162,254 162,255 162,256 162,257 162,258 162,258 162,259 162,260
162,263 162,264 162,265
162,266 162,267
162,270
162,273 162,274 162,275 162,276
162,279 162,280
163,28 163,29 163,30 163,31
163,49 163,50
163,62
163,131
163,137 163,138 163,139 163,140 163,141 163,142 163,142 163,143 163,144 163,145 163,146 163,147
163,176 163,177
163,193
163,201 163,202 163,203 163,204 163,205 163,206 163,207 163,207 163,208 163,209 163,210 163,211 163,212 163,213
163,215 163,215 163,216 163,217 163,218
163,220
163,223 163,224
163,226 163,227
163,233 163,234 163,235 163,236 163,236 163,237 163,238 163,239
163,242 163,243 163,244 163,244
163,246 163,247 163,248 163,249 163,250 163,251 163,251 163,252 163,253 163,254 163,255 163,256 163,257 163,258 163,258 163,259 163,260 163,261 163,262 163,263 163,264 163,265
163,266
163,274 163,275
163,279
164,31 164,32 164,33 164,33 164,34 164,35 164,36 164,37 164,38
164,49
164,51 164,52
164,73
164,130
164,138 164,139 164,140 164,141 164,142 164,142 164,143 164,144 164,145 164,146 164,147
164,149 164,149 164,150 164,151 164,152 164,153 164,154 164,155 164,156 164,156 164,157 164,158 164,159 164,160 164,161 164,162 164,163 164,164 164,164 164,165 164,166 164,167 164,168 164,169 164,170 164,171 164,171 164,172
164,175 164,176 164,177
164,203 164,204 164,205 164,206 164,207 164,207 164,208 164,209 164,210 164,211 164,212 164,213 164,214 164,215 164,215 164,216 164,217 164,218 164,219
164,222 164,223 164,224
164,226
164,232 164,233
164,236 164,236 164,237 164,238 164,239 164,240 164,241 164,242 164,243 164,244 164,244
164,246 164,247 164,248 164,249 164,250 164,251 164,251 164,252 164,253 164,254 164,255 164,256 164,257 164,258 164,258 164,259 164,260 164,261 164,262 164,263 164,264
164,265 164,266 164,267
164,273
164,279
165,38 165,39 165,40 165,40 165,41 165,42 165,43
165,50 165,51 165,52
165,55
165,58 165,59 165,60 165,61 165,62
165,72 165,73
165,129
165,144 165,145 165,146
165,148 165,149 165,149 165,150 165,151 165,152 165,153 165,154 165,155 165,156 165,156 165,157 165,158 165,159 165,160 165,161 165,162 165,163 165,164 165,164 165,165 165,166 165,167 165,168 165,169 165,170 165,171 165,171 165,172 165,173 165,174 165,175 165,176 165,177
165,183 165,184 165,185 165,185
165,202 165,203 165,204 165,205 165,206 165,207 165,207 165,208 165,209
165,214
165,236 165,236 165,237 165,238
165,243 165,244 165,244 165,245
165,261 165,262
165,266 165,267
165,279
166,43 166,44 166,45 166,46 166,47 166,47 166,48 166,49 166,50 166,51 166,52 166,53 166,54
166,55 166,56
166,58 166,59 166,60 166,61
166,68 166,69 166,69 166,70
166,72
166,91 166,92
166,150 166,151 166,152 166,153 166,154 166,155
166,157 166,158 166,159 166,160
166,166 166,167 166,168 166,169 166,170 166,171 166,171 166,172 166,173 166,174 166,175 166,176
166,181 166,182
166,184 166,185 166,185
166,279
167,54 167,55 167,55 167,56 167,57 167,58 167,59 167,60 167,61 167,62 167,62 167,63 167,64 167,65 167,66 167,67 167,68 167,69 167,69
167,71
167,92
167,123
167,156 167,157 167,158 167,159
167,163 167,164 167,164 167,165
167,176 167,177
167,180 167,181 167,182 167,183
167,279
168,69 168,70 168,71 168,72 168,73 168,74 168,75 168,76 168,76 168,77 168,78 168,79 168,80 168,81 168,82 168,83 168,84 168,84 168,85 168,86 168,87 168,88 168,89 168,90 168,91 168,91 168,92 168,93 168,94 168,95 168,96 168,97 168,98 168,98 168,99 168,100 168,101 168,102 168,103 168,104 168,105 168,105 168,106 168,107
168,122
168,129 168,130 168,131 168,132 168,133 168,134 168,135 168,135 168,136 168,137 168,138
168,141 168,142 168,142
168,162 168,163 168,164 168,164
168,170 168,171 168,171 168,172 168,173 168,174 168,175 168,176 168,177
168,178 168,179
168,181 168,182
168,244 168,245 168,246 168,247 168,248 168,249
168,251 168,252 168,253 168,254 168,255 168,256 168,257 168,258 168,258 168,259 168,260 168,261 168,262 168,263 168,264 168,265 168,265 168,266 168,267 168,268 168,269 168,270 168,271 168,272 168,273
168,279
169,97 169,98 169,98 169,99 169,100 169,101 169,102 169,103 169,104 169,105 169,105 169,106 169,107 169,108 169,109 169,110 169,111 169,112
169,114
169,128 169,129 169,130 169,131 169,132 169,133 169,134 169,135 169,135 169,136 169,137
169,142
169,143
169,169 169,170 169,171 169,171 169,172 169,173 169,174 169,175 169,176 169,177 169,178 169,178 169,179
169,245 169,246 169,247 169,248 169,249 169,250
169,252 169,253 169,254 169,255 169,256 169,257 169,258 169,258 169,259 169,260 169,261 169,262 169,263 169,264 169,265 169,265 169,266 169,267 169,268 169,269 169,270 169,271 169,272 169,273
169,279
170,112 170,113 170,113 170,114 170,115 170,116 170,117 170,118 170,119 170,120 170,120 170,121 170,122
170,124 170,125 170,126 170,127 170,127 170,128 170,129 170,130 170,131
170,142 170,143
170,279
171,122 171,123 171,124 171,125 171,126 171,127 171,127 171,128 171,129 171,130 171,131 171,132 171,133 171,134 171,135 171,135 171,136 171,137 171,138 171,139 171,140 171,141 171,142 171,142 171,143
171,157 171,158
171,279
172,136 172,137 172,138 172,139 172,140 172,141 172,142 172,142 172,143 172,144 172,145 172,146 172,147 172,148 172,149 172,149 172,150
172,156 172,157
172,213 172,214 172,215 172,215 172,216 172,217 172,218 172,219 172,220 172,221 172,222 172,222
172,242 172,243 172,244 172,244 172,245 172,246
172,273 172,274
172,279
173,150 173,151 173,152 173,153 173,154 173,155 173,156 173,156 173,157 173,158 173,159 173,160
173,212 173,213 173,214 173,215 173,215 173,216 173,217 173,218 173,219 173,220 173,221 173,222 173,222 173,223
173,240 173,241 173,242 173,243 173,244 173,244 173,245 173,246 173,247 173,248 173,249
173,253 173,254 173,255 173,256 173,257 173,258
173,260 173,261 173,262 173,263 173,264 173,265 173,265 173,266
173,268
173,272
173,279
174,160 174,161 174,162 174,163 174,164 174,164 174,165 174,166 174,167 174,168 174,169 174,170 174,171 174,171 174,172 174,173 174,174 174,175 174,176 174,177 174,178 174,178 174,179 174,180 174,181
174,213 174,214 174,215
174,241
174,243 174,244
174,246
174,249 174,250
174,252 174,253 174,254 174,255 174,256 174,257 174,258
174,259 174,260 174,261 174,262 174,263 174,264 174,265 174,265
174,267
174,273
174,278 174,279
175,181 175,182 175,183 175,184 175,185 175,185 175,186 175,187 175,188
175,206
175,267 175,268 175,269
175,276 175,277 175,278
176,188 176,189 176,190 176,191 176,192 176,193 176,193
176,205
176,266 176,267
176,269 176,270 176,271 176,272 176,273 176,273 176,274 176,275 176,276
177,193 177,194 177,195 177,196 177,197
177,205 177,206
177,266
178,197 178,198 178,199 178,200 178,200 178,201 178,202 178,203 178,204 178,205 178,206
178,266
179,206
179,266 179,267 179,268
180,206
180,268 180,269 180,270 180,271 180,272 180,273 180,273 180,274 180,275 180,276 180,277 180,278 180,279 180,280 180,280 180,281 180,282 180,283 180,284 180,285 180,286
180,290 180,291 180,292 180,293 180,294 180,295 180,295 180,296 180,297 180,298 180,299 180,300 180,301 180,302 180,302
181,206
181,255
181,286 181,287 181,287 181,288 181,289 181,290
181,292
181,302 181,303 181,304 181,305 181,306 181,307 181,308 181,309
182,206
182,255 182,256
182,264
182,265 182,266
182,268
182,270
182,291 182,292
182,309 182,309
183,206
183,256
183,263 183,264
183,266 183,267
183,269 183,270 183,271
183,291
183,293
183,309
184,206
184,263 184,264
184,267 184,268 184,269
184,271 184,272
184,292 184,293 184,294
184,301
184,309
185,206
185,207
185,209
185,263 185,264 185,265 185,265 185,266 185,267 185,268
185,270
185,272
185,287
185,291 185,292
185,294
185,300 185,301
185,309
186,206 186,207
186,208
186,265 186,265
186,267
186,269
186,288
186,291
186,300 186,301
186,309
187,206
187,267
187,293
187,300
187,309
188,206
188,260 188,261
188,263 188,264 188,265
188,266
188,268
188,270
188,272
188,291
188,293 188,294
188,300
188,302 188,302
188,307 188,308
188,309
189,206
189,257
189,260 189,261
189,263
189,265 189,265 189,266 189,267
189,269
189,271
189,292 189,293 189,294
189,300 189,301 189,302 189,302 189,303
189,308 189,309 189,309
190,206
190,244
190,247 190,248
190,250 190,251
190,256 190,257
190,259 190,260 190,261 190,262 190,263 190,264 190,265 190,265 190,266 190,267 190,268
190,270
190,293 190,294
190,300 190,301
190,309
191,206
191,208
191,244 191,244
191,246 191,247
191,249 191,250
191,256 191,257
191,260 191,261 191,262 191,263 191,264
191,266 191,267 191,268
191,293
191,300
191,302
191,309
192,206
192,209
192,244
192,256 192,257
192,300 192,301
192,309
193,206 193,207
193,256 193,257
193,309
194,206 194,207 194,207
194,255 194,256 194,257
194,309
195,206
195,207
195,256 195,257 195,258 195,258 195,259
195,271 195,272 195,273 195,273 195,274 195,275 195,276 195,277 195,278 195,279
195,289 195,290 195,291 195,292 195,293 195,294
195,301 195,302 195,302 195,303 195,304 195,305 195,306 195,307 195,308 195,309 195,309
196,206
196,256 196,257 196,258 196,258 196,259
196,268 196,269 196,270 196,271 196,272 196,273 196,273 196,274
196,279 196,280 196,280 196,281 196,282 196,283 196,284 196,285 196,286 196,287 196,287 196,288 196,289
196,294 196,295 196,295 196,296 196,297 196,298 196,299 196,300 196,301
197,206
197,251
197,253
197,267 197,268
198,206
198,250
198,252 198,253
198,263 198,264 198,265 198,265 198,266 198,267
199,206
199,252 199,253
199,264 199,265 199,265 199,266 199,267
200,206
200,252 200,253
200,266 200,267
201,206
201,252 201,253
201,266 201,267
202,206 202,207 202,207 202,208 202,209 202,210 202,211 202,212 202,213 202,214 202,215
202,218
202,229
202,251 202,252 202,253 202,254
202,266 202,267
203,215
203,216 203,217
203,219
203,229
203,252 203,253 203,254 203,255
203,266 203,267
204,215 204,215 204,216 204,217 204,218
204,254
204,266 204,267 204,268 204,269
205,215 205,216 205,217 205,218
205,266 205,267 205,268 205,269 205,270
206,215 206,216 206,217 206,218
206,266 206,267 206,268
206,270 206,271
207,215
207,217 207,218
207,266 207,267
207,270
208,215
208,218
208,266 208,267
208,270
209,215
209,270
210,215
210,266 210,267
210,270
211,215
211,266 211,267
211,270
212,215
212,256 212,257 212,258
212,259 212,260 212,261 212,262 212,263 212,264 212,265 212,265 212,266 212,267
212,270
213,215
213,257
213,260 213,261 213,262 213,263 213,264 213,265 213,265 213,266 213,267
213,269 213,270
214,215
214,269
215,215
215,255
215,264 215,265
215,266 215,267
215,269
216,215 216,216 216,217
216,256
216,265 216,265 216,266 216,267 216,268 216,269
217,215 217,216 217,217
217,266 217,267 217,268
218,216 218,217 218,218
218,266
218,268
219,216 219,217 219,218
219,266
219,268
220,217
220,253 220,254 220,255 220,256 220,257 220,258 220,258 220,259 220,260 220,261 220,262
220,265
220,267 220,268
221,217 221,218
221,226
221,231 221,232 221,233 221,234 221,235 221,236 221,236 221,237
221,247
221,251
221,252 221,253
221,256 221,257 221,258 221,258 221,259 221,260 221,261 221,262
221,265
221,267
222,217
222,227
222,231
222,233 222,234 222,235 222,236
222,238 222,239 222,240 222,241
222,246 222,247
222,250 222,251
222,256
222,267
223,217
223,238 223,239 223,240 223,241 223,242
223,246
223,248
223,250 223,251
223,255 223,256 223,257
223,267
224,217
224,239 224,240 224,241
224,249 224,250
224,256 224,257
224,267
225,217
225,254
225,257
225,267
226,217 226,218
226,254 226,255 226,256
226,267
227,217 227,218
227,255 227,256
227,267
228,217 228,218
228,256
228,266 228,267
229,217 229,218 229,219
229,266
230,217 230,218
230,266
231,217
231,265 231,266
232,217
232,265
233,217
233,265
234,217
234,265 234,265
235,217
235,265
236,217
236,244 236,244 236,245 236,246 236,247
236,250 236,251 236,251 236,252 236,253 236,254 236,255 236,256 236,257 236,258 236,258 236,259 236,260 236,261 236,262 236,263 236,264 236,265
237,217
237,244 237,244 237,245 237,246 237,247
237,251 237,251 237,252 237,253 237,254 237,255 237,256 237,257 237,258 237,258 237,259 237,260 237,261 237,262 237,263 237,264 237,265
238,217
238,244 238,244
238,246 238,247
238,250 238,251
238,265
239,217
239,243 239,244 239,244
239,246 239,247
239,250 239,251 239,251 239,252 239,253 239,254 239,255 239,256 239,257 239,258 239,258 239,259 239,260 239,261 239,262 239,263 239,264 239,265
240,217
240,243 240,244 240,244
240,246 240,247
240,250 240,251 240,251 240,252 240,253 240,254 240,255 240,256 240,257 240,258 240,258 240,259 240,260 240,261 240,262 240,263 240,264 240,265
241,217
241,243 241,244 241,244
241,246 241,247
241,264
242,217
242,223
242,243 242,244 242,244 242,245 242,246 242,247
242,250 242,251 242,251 242,252 242,253 242,254 242,255 242,256 242,257 242,258 242,258 242,259 242,260 242,261 242,262 242,263 242,264
243,217
243,224
243,243 243,244
243,245 243,246 243,247
243,250 243,251 243,251 243,252 243,253 243,254 243,255 243,256 243,257 243,258 243,258 243,259 243,260 243,261 243,262 243,263 243,264
244,217
244,243 244,244
244,245 244,246 244,247
244,250 244,251
244,263
245,217
245,242 245,243 245,244
245,245 245,246
245,250 245,251
245,263
246,217
246,242 246,243 246,244
246,245 246,246
246,250 246,251 246,251 246,252 246,253 246,254 246,255 246,256 246,257 246,258 246,258 246,259 246,260 246,261 246,262 246,263
247,217
247,242 247,243
247,245 247,246
247,250 247,251 247,251 247,252 247,253 247,254 247,255 247,256 247,257 247,258 247,258 247,259 247,260
247,262 247,263
248,217
248,242 248,243
248,244 248,245 248,246
248,262
249,217 249,218
249,241 249,242 249,243
249,244 249,245 249,246
249,249 249,250 249,251 249,251 249,252 249,253 249,254 249,255 249,256 249,257 249,258 249,258 249,259 249,260 249,261 249,262
250,217 250,218
250,241 250,242 250,243
250,244 250,245
250,248 250,249 250,250 250,251 250,251 250,252 250,253 250,254 250,255 250,256 250,257 250,258 250,258 250,259 250,260 250,261 250,262
251,217 251,218
251,241 251,242
251,244 251,245
251,248 251,249 251,250
251,261
252,217 252,218 252,219 252,220 252,221
252,222
252,225 252,226 252,227 252,228 252,229 252,229 252,230 252,231 252,232 252,233 252,234 252,235 252,236 252,236 252,237 252,238 252,239 252,240 252,241 252,242
252,244 252,245
252,248 252,249 252,250 252,251 252,251 252,252 252,253 252,254 252,255 252,256 252,257 252,258 252,258 252,259 252,260 252,261
253,217 253,218 253,219 253,220 253,221 253,222
253,223 253,224 253,225 253,226 253,227 253,228 253,229 253,229 253,230 253,231 253,232 253,233 253,234 253,235 253,236 253,236 253,237 253,238 253,239 253,240 253,241 253,242
253,244 253,244 253,245
253,248 253,249 253,250 253,251 253,251 253,252 253,253 253,254 253,255 253,256 253,257 253,258 253,258 253,259 253,260 253,261
254,217 254,218 254,219
254,221
254,226 254,227 254,228 254,229 254,229 254,230 254,231 254,232 254,233 254,234 254,235 254,236 254,236 254,237 254,238 254,239 254,240 254,241
254,244 254,244 254,245
254,251
254,261
255,217 255,218
255,244 255,244
255,249 255,250 255,251 255,251 255,252 255,253 255,254 255,255 255,256 255,257 255,258 255,258 255,259 255,260 255,261
256,217 256,218
256,244 256,244 256,245
256,248 256,249 256,250 256,251 256,251 256,252 256,253 256,254 256,255 256,256 256,257 256,258 256,258 256,259 256,260 256,261
257,217 257,218
257,244 257,244 257,245 257,246
257,249
257,260
258,217 258,218
258,244 258,244
258,256
258,258 258,258 258,259 258,260
259,217 259,218
259,244 259,244
259,248 259,249 259,250 259,251 259,251 259,252 259,253 259,254 259,255 259,256 259,257 259,258
259,259 259,260
260,217 260,218
260,244 260,244
260,248 260,249 260,250 260,251 260,251 260,252 260,253 260,254 260,255 260,256 260,257
260,259
261,217 261,218
261,243 261,244 261,244
261,253
261,255
261,259
262,217 262,218
262,243 262,244 262,244
262,246 262,247 262,248 262,249 262,250 262,251 262,251 262,252 262,253 262,254 262,255 262,256 262,257 262,258 262,258 262,259
263,217 263,218
263,223 263,224 263,225
263,243 263,244 263,244
263,246 263,247 263,248 263,249 263,250 263,251 263,251 263,252 263,253 263,254 263,255 263,256 263,257 263,258 263,258 263,259
264,217 264,218
264,224
264,243 264,244
264,246 264,247
264,258
265,217 265,218
265,223
265,243 265,244
265,246 265,247 265,248 265,249 265,250 265,251 265,251 265,252 265,253 265,254 265,255 265,256 265,257 265,258 265,258
266,217 266,218
266,242
266,244
266,246 266,247 266,248 266,249 266,250 266,251 266,251 266,252 266,253 266,254 266,255 266,256 266,257 266,258 266,258
267,217
267,224
267,242 267,243
267,258
268,217
268,223
268,225
268,242 268,243
268,258
269,217
269,224
269,242 269,243
269,258
270,217
270,223
270,241 270,242 270,243
270,258 270,258
271,201 271,202 271,203 271,204 271,205 271,206 271,207 271,207 271,208 271,209 271,210 271,211 271,212 271,213 271,214 271,215 271,215 271,216 271,217
271,241 271,242 271,243
271,258
272,200 272,201
272,208 272,209
272,225
272,227
272,236
272,239
272,241 272,242
272,258
273,200 273,200
273,205 273,206 273,207 273,207 273,208 273,209
273,219 273,220 273,221 273,222 273,222 273,223
273,226
273,228
273,237 273,238
273,242
273,258
274,117 274,118 274,119 274,120 274,120 274,121 274,122 274,123 274,124 274,125 274,126 274,127
274,158 274,159 274,160 274,161 274,162 274,163 274,164 274,164 274,165 274,166 274,167 274,168 274,169 274,170 274,171 274,171 274,172 274,173 274,174 274,175 274,176 274,177 274,178 274,178 274,179 274,180 274,181 274,182 274,183 274,184 274,185 274,185 274,186 274,187 274,188 274,189 274,190 274,191 274,192 274,193 274,193 274,194 274,195 274,196 274,197 274,198 274,199 274,200
274,204 274,205 274,206 274,207 274,207 274,208 274,209
274,218 274,219 274,220 274,221 274,222 274,222 274,223
274,258
275,117
275,125 275,126 275,127 275,127 275,128 275,129 275,130 275,131 275,132 275,133 275,134 275,135 275,135 275,136 275,137 275,138 275,139 275,140 275,141 275,142 275,142 275,143 275,144 275,145 275,146 275,147 275,148 275,149 275,149 275,150 275,151 275,152 275,153 275,154 275,155 275,156 275,156 275,157 275,158
275,161 275,162 275,163
275,164
275,166
275,170 275,171 275,171
275,175
275,178 275,179
275,182
275,184
275,187 275,188 275,189
275,191
275,193
275,196 275,197
275,199 275,200
275,204 275,205 275,206 275,207 275,207 275,208 275,209
275,258
276,115 276,116 276,117
276,121
276,123
276,125 276,126
276,161 276,162 276,163 276,164
276,165 276,166 276,167
276,170 276,171 276,171 276,172
276,174
276,176 276,177
276,178
276,180 276,181
276,183 276,184 276,185 276,185
276,187 276,188 276,189 276,190
276,192 276,193 276,193
276,196 276,197
276,199
276,204 276,205 276,206
276,208 276,209
276,258
277,102 277,103 277,104 277,105 277,105 277,106 277,107 277,108 277,109 277,110 277,111 277,112 277,113 277,113 277,114 277,115
277,122 277,123
277,125 277,126
277,162 277,163
277,166 277,167 277,168
277,171 277,171 277,172
277,175 277,176 277,177
277,179 277,180
277,184 277,185 277,185
277,188 277,189
277,192 277,193
277,194
277,196
277,205
277,208 277,209
277,258
278,113 278,113
278,125 278,126 278,127 278,127 278,128
278,164 278,165 278,166 278,167
278,173 278,174 278,175 278,176 278,177
278,182 278,183 278,184 278,185
278,191 278,192 278,193 278,193
278,198 278,199
278,206
278,208
278,258
279,113
279,125
279,127 279,127 279,128 279,129
279,164 279,164 279,165 279,166 279,167
279,172 279,173 279,174 279,175 279,176 279,177
279,181 279,182 279,183 279,184 279,185 279,185
279,190 279,191 279,192 279,193 279,193 279,194
279,197 279,198 279,199
279,205
279,207 279,207
279,210 279,211
279,255
279,258
280,113
280,157
280,199
280,206 280,207 280,207 280,208 280,209 280,210
280,254
280,258 280,258 280,259 280,260 280,261
281,113 281,113
281,118
281,120
281,158
281,200
281,201
281,206 281,207 281,207 281,208 281,209 281,210 281,211
281,260 281,261 281,262
282,97 282,98 282,98 282,99 282,100 282,101
282,111 282,112 282,113
282,119 282,120
282,122
282,200
282,202
282,206
282,207 282,208
282,210 282,211
282,261 282,262
283,97 283,98 283,98
283,101 283,102 283,103 283,104 283,105 283,105 283,106 283,107 283,108 283,109 283,110 283,111
283,119 283,120
283,121 283,122 283,123
283,199 283,200
283,202
283,205 283,206 283,207 283,207 283,208 283,209 283,210 283,211
283,261 283,262
284,98 284,99 284,100 284,101 284,102 284,103 284,104 284,105 284,105 284,106 284,107 284,108 284,109 284,110 284,111 284,112 284,113
284,119 284,120
284,121 284,122 284,123
284,201 284,202
284,206 284,207 284,207 284,208 284,209 284,210 284,211
284,260 284,261 284,262
285,113 285,113
285,119 285,120
285,122 285,123 285,124 285,125 285,126 285,127 285,127 285,128 285,129 285,130 285,131 285,132 285,133 285,134 285,135 285,135 285,136 285,137 285,138 285,139 285,140 285,141 285,142 285,142 285,143 285,144 285,145 285,146 285,147 285,148 285,149 285,149 285,150 285,151 285,152 285,153 285,154 285,155 285,156 285,156 285,157 285,158
285,202
285,206 285,207 285,207 285,208 285,209 285,210 285,211
285,260 285,261 285,262
286,113
286,122 286,123
286,158 286,159 286,160 286,161 286,162 286,163 286,164 286,164 286,165 286,166 286,167 286,168 286,169 286,170 286,171 286,171 286,172 286,173 286,174 286,175 286,176 286,177 286,178 286,178 286,179 286,180 286,181 286,182 286,183 286,184 286,185 286,185 286,186 286,187 286,188 286,189 286,190 286,191 286,192 286,193 286,193 286,194 286,195 286,196 286,197 286,198 286,199 286,200 286,200 286,201
286,206 286,207 286,207 286,208 286,209 286,210
286,260 286,261 286,262
287,113 287,114 287,115 287,116 287,117 287,118 287,119 287,120 287,120 287,121 287,122
287,201
287,207 287,207 287,208 287,209
287,258
287,260
287,262
288,201 288,202
288,206
288,207 288,208 288,209
288,258 288,258 288,259 288,260 288,261 288,262
289,202
289,207 289,207 289,208 289,209 289,210 289,211
289,257 289,258 289,258
290,202 290,203 290,204 290,205 290,206 290,207
290,211 290,212 290,213 290,214 290,215 290,215 290,216 290,217 290,218 290,219 290,220 290,221 290,222
290,247 290,248 290,249 290,250 290,251 290,251 290,252 290,253 290,254 290,255 290,256 290,257
291,222 291,222 291,223
291,233
291,245 291,246 291,247 291,248 291,249 291,250 291,251
292,223 292,224 292,225 292,226 292,227 292,228 292,229 292,229 292,230 292,231 292,232 292,233 292,234 292,235 292,236 292,236
292,244 292,245 292,246 292,247 292,248 292,249 292,250
293,236 293,237 293,238 293,239 293,240 293,241 293,242 293,243 293,244 293,244 293,245
