3,77 3,78 3,79 3,80
4,77 4,78 4,79 4,80 4,81 4,82 4,83 4,84 4,85 4,86
5,77 5,78 5,80 5,81 5,82
5,86 5,87 5,88 5,89 5,90 5,91 5,92
6,77 6,78 6,79 6,80 6,81 6,82 6,83 6,84 6,85 6,86 6,87
6,92 6,93 6,94 6,95 6,96 6,97 6,98 6,99 6,100 6,101
7,77 7,78 7,79 7,80 7,81 7,82 7,83 7,84 7,85 7,86 7,87 7,88 7,89 7,90 7,91 7,92 7,93 7,94 7,95 7,96
7,101 7,102 7,103 7,104 7,105 7,106 7,107
8,77 8,79 8,80 8,81 8,82
8,86 8,87 8,88 8,89 8,90 8,91 8,92 8,93 8,94 8,95 8,96 8,97 8,98 8,99 8,100 8,101 8,102
8,107 8,108 8,109 8,110 8,111 8,112 8,113 8,114 8,115 8,116 8,117 8,118
9,77 9,80 9,81 9,82 9,83 9,84
9,95 9,96 9,97 9,98 9,99 9,100 9,101 9,102 9,103 9,104 9,105 9,106 9,107 9,108 9,109 9,110 9,111 9,112
9,116 9,117 9,118
10,77 10,80 10,81 10,82 10,83
10,100 10,101 10,102 10,103 10,104 10,105 10,106 10,107 10,108 10,109 10,110 10,111 10,114 10,115 10,118 10,119
11,77 11,79 11,80 11,81 11,82
11,102 11,103 11,104
11,111 11,112 11,114 11,117 11,118 11,119
12,77 12,79 12,80 12,81
12,102 12,103 12,104 12,105 12,106 12,107 12,108 12,109 12,110 12,111 12,112 12,114 12,116 12,117 12,118 12,119 12,120
13,77 13,78 13,79 13,80 13,81
13,115 13,116 13,117 13,118 13,119 13,120
14,78 14,79 14,80 14,81
14,115 14,116 14,117 14,118 14,119 14,120
15,78 15,80 15,81
15,115 15,116 15,117
16,78 16,80 16,81
16,115 16,116 16,117
17,78 17,80 17,81
17,116 17,117 17,118
18,78 18,80 18,81
18,116 18,117 18,118 18,119
19,78 19,80 19,81
19,117 19,118 19,119
20,78 20,80 20,81
20,117 20,118 20,119 20,120
21,78 21,80 21,81
21,118 21,119 21,120
22,78 22,79 22,80 22,81
22,118 22,119 22,120 22,121
23,79 23,80 23,81
23,119 23,120 23,121
24,79 24,80 24,81 24,82
24,116 24,119 24,120 24,121 24,122
24,126 24,127 24,128
25,79 25,80 25,81 25,82
25,117 25,120 25,121 25,122
26,79 26,80 26,81 26,82
26,117 26,118 26,120 26,121 26,122 26,123
27,79 27,81 27,82
27,118 27,121 27,122 27,123
28,79 28,81 28,82
28,118 28,119 28,122 28,123 28,124
29,79 29,81 29,82
29,119 29,122 29,123 29,124
30,79 30,81 30,82
30,119 30,120 30,123 30,124 30,125
31,79 31,81 31,82
31,120 31,123 31,124 31,125 31,126
32,79 32,81 32,82 32,83
32,120 32,121 32,124 32,125 32,126
33,79 33,82 33,83
33,121 33,124 33,125 33,126
34,79 34,80 34,82 34,83
34,121 34,122 34,125 34,126 34,127 34,128
35,80 35,82 35,83
35,126 35,127 35,128
36,80 36,82 36,83
36,123 36,126 36,127 36,128
37,80 37,82 37,83
37,124 37,127 37,128 37,129
38,80 38,82 38,83
38,124 38,127 38,128 38,129 38,130
39,80 39,82 39,83
39,125 39,128 39,129 39,130
40,80 40,82 40,83
40,125 40,128 40,129 40,130 40,131
41,80 41,82 41,83
41,126 41,129 41,130 41,131
42,80 42,81 42,82 42,83
42,126 42,129 42,130 42,131 42,132
43,81 43,82 43,83
43,127 43,130 43,131 43,132
44,81 44,83 44,84
44,127 44,130 44,131 44,132 44,133
45,81 45,83 45,84
45,128 45,131 45,132 45,133
46,81 46,83 46,84
46,132 46,133 46,134
47,81 47,83 47,84
47,129 47,132 47,133 47,134
48,81 48,83 48,84
48,129 48,130 48,133 48,134 48,135
49,81 49,83 49,84
49,134 49,135 49,136
50,81 50,83 50,84
50,130 50,131 50,134 50,135 50,136
51,81 51,83 51,84
51,134 51,135 51,136
52,81 52,83 52,84 52,85
52,114 52,115 52,116 52,117 52,118
52,132 52,135 52,136 52,137 52,138
53,81 53,84 53,85
53,136 53,137 53,138
54,81 54,82 54,84 54,85
54,112 54,113 54,114
54,132 54,133 54,136 54,137 54,138 54,139
55,82 55,84 55,85
55,134 55,137 55,138 55,139 55,140
56,82 56,84 56,85
56,138 56,139 56,140
57,82 57,84 57,85
57,134 57,135 57,138 57,139 57,140 57,141
58,82 58,84 58,85
58,139 58,140 58,141
59,82 59,84 59,85 59,86
59,136 59,139 59,140 59,141 59,142
60,82 60,84 60,85 60,86
60,140 60,141 60,142
61,82 61,84 61,85 61,86
61,137 61,140 61,141 61,142 61,143
62,82 62,83 62,85 62,86
62,137 62,138 62,141 62,142 62,143
63,83 63,85 63,86
63,138 63,141 63,142 63,143 63,144
63,148 63,149 63,150
64,83 64,85 64,86
64,142 64,143 64,144
65,83 65,85 65,86
65,139 65,140 65,143 65,144 65,145
66,83 66,85 66,86
66,144 66,145 66,146
67,83 67,85 67,86
67,140 67,141 67,144 67,145 67,146
68,83 68,85 68,86
68,145 68,146 68,147
69,83 69,85 69,86
69,141 69,142 69,145 69,146 69,147
70,83 70,85 70,86
70,146 70,147 70,148
71,83 71,85 71,86 71,87
71,142 71,143 71,146 71,147 71,148
71,153 71,154 71,155
72,83 72,86 72,87
72,147 72,148 72,149
73,83 73,86 73,87
73,144 73,147 73,148 73,149
74,83 74,84 74,86 74,87
74,148 74,149 74,150
75,84 75,86 75,87
75,145 75,148 75,149 75,150 75,151
75,155 75,156 75,157
76,84 76,86 76,87
76,149 76,150 76,151
77,84 77,86 77,87
77,146 77,147 77,150 77,151 77,152 77,153 77,154 77,155 77,157 77,158
78,152 78,153 78,154 78,155 78,158 78,159
79,84 79,87 79,88
79,152 79,153 79,154 79,155 79,156 79,157 79,158 79,159
80,84 80,87 80,88
80,157 80,158 80,159
81,84 81,87 81,88
81,159 81,160 81,161
82,84 82,87 82,88
83,84 83,85 83,87 83,88
84,85 84,87 84,88
84,161 84,162 84,163
85,85 85,87 85,88
85,106 85,107 85,108 85,111 85,112 85,113 85,114 85,115 85,116 85,117 85,118 85,119 85,120 85,121 85,122 85,123 85,124 85,125 85,126 85,127 85,128 85,129 85,130 85,131 85,132 85,133 85,134 85,135 85,136 85,138
85,142 85,143 85,144 85,145 85,146 85,147 85,148 85,149 85,150 85,151 85,152 85,153 85,154 85,155 85,156 85,157 85,158 85,159 85,160 85,161 85,162 85,163
86,85 86,87 86,88
86,104 86,105 86,106 86,107
86,114 86,115 86,116 86,117 86,118 86,119 86,120 86,121 86,122 86,123 86,124 86,125 86,126 86,127 86,128 86,129 86,130 86,131 86,132 86,133 86,134
86,143 86,144 86,145 86,146 86,147 86,148 86,149 86,150 86,151 86,152
86,162 86,163 86,164 86,165 86,166 86,167 86,168
87,85 87,87 87,88
87,96 87,97 87,98 87,99 87,100 87,102 87,104
87,167 87,168 87,169 87,170 87,171 87,172 87,173 87,174 87,175 87,176 87,177 87,178 87,179
88,179 88,180 88,181 88,182 88,183 88,184 88,185 88,186
89,81 89,82 89,83 89,84 89,85 89,88 89,89 89,90 89,91 89,92 89,94
89,185 89,186 89,187 89,188 89,189 89,190 89,191 89,192 89,193 89,194 89,195
90,76 90,77 90,78 90,79 90,80
90,195 90,196 90,197 90,198 90,199 90,200 90,201
91,72 91,73 91,74 91,75
91,116 91,117 91,118 91,119 91,120
91,153 91,154 91,155 91,156 91,157
91,195 91,196 91,197 91,198 91,199 91,201 91,202 91,203
92,66 92,67 92,68 92,69 92,70 92,71
92,153 92,154 92,157
92,193 92,194 92,195 92,196 92,197
92,203 92,204 92,205 92,206 92,207
93,62 93,63 93,64 93,65
93,189 93,190 93,191 93,192 93,193 93,194 93,195
93,207 93,208 93,209
94,57 94,58 94,59 94,60 94,61
94,189 94,190 94,191 94,192 94,193
94,209 94,210 94,211 94,212
95,53 95,54 95,55 95,56 95,57
95,152 95,153 95,154
95,177 95,178 95,179 95,180 95,181 95,182 95,183 95,185 95,186 95,187 95,188 95,189
95,207 95,208 95,209 95,212 95,213 95,214 95,215
96,51 96,52 96,53 96,55
96,153 96,154 96,157
96,181 96,182 96,185 96,186 96,187 96,188 96,189
96,208 96,209 96,210 96,211
96,215 96,216 96,217 96,218
97,153 97,154 97,157 97,158 97,159
97,195 97,196 97,197 97,198
97,209 97,210 97,211 97,212 97,213 97,214 97,217 97,218 97,219
98,57 98,58 98,59
98,179 98,180 98,181 98,182 98,183 98,184 98,185 98,186
98,193 98,194 98,195 98,196
98,213 98,214 98,215 98,216 98,217 98,219 98,220 98,221
99,58 99,59 99,60
99,179 99,180 99,181 99,182 99,183 99,184 99,185 99,186 99,187
99,193 99,194 99,195
99,215 99,216 99,217 99,218 99,219 99,221
100,217 100,218 100,219 100,222 100,223
101,191 101,192 101,193
101,218 101,219 101,220 101,223
102,191 102,192 102,193
102,219 102,220 102,221 102,223
103,191 103,192 103,193
103,220 103,221 103,224 103,225
104,221 104,222 104,225
105,187 105,188 105,189
105,221 105,222 105,223 105,225
106,187 106,188 106,189
106,222 106,223 106,226 106,227
107,223 107,224 107,225 107,227
108,223 108,224 108,225 108,227
109,193 109,194 109,195
109,224 109,225 109,228 109,229
110,225 110,226 110,229
111,189 111,190 111,191
111,225 111,226 111,227 111,229
112,225 112,226 112,227 112,230 112,231
113,195 113,196 113,197
114,191 114,192 114,195 114,196 114,197
114,227 114,228 114,229 114,231
115,106 115,107 115,108 115,109 115,110 115,111 115,112 115,114
115,191 115,192 115,193 115,196 115,197 115,198
115,227 115,228 115,229 115,231 115,232 115,233
116,197 116,198 116,199
116,227 116,228 116,229
117,193 117,194 117,197 117,198 117,199
118,193 118,194 118,195
118,229 118,230 118,233
119,199 119,200 119,201
119,229 119,230 119,231 119,233
120,230 120,231 120,234 120,235
121,195 121,196 121,197
121,201 121,202 121,203
122,201 122,202 122,203
122,231 122,232 122,235
123,197 123,198 123,199 123,202 123,203 123,204
123,231 123,232 123,233 123,235
124,203 124,204 124,205
124,231 124,232 124,233 124,235
125,198 125,199 125,200 125,203 125,204 125,205 125,206 125,207
125,232 125,233 125,236 125,237
126,199 126,200 126,201
126,205 126,206 126,207
127,199 127,200 127,201
127,205 127,206 127,207 127,208 127,209
127,233 127,234 127,237
128,48 128,49 128,50 128,51
128,209 128,210 128,211
128,233 128,234 128,237
129,51 129,52 129,53 129,54
129,201 129,202 129,203 129,204
129,209 129,210 129,211 129,212 129,213 129,214 129,215
129,233 129,234 129,237 129,238 129,239
130,54 130,55 130,56 130,57
130,203 130,204 130,205 130,207
130,213 130,214 130,215
131,58 131,59 131,60 131,61 131,62
131,203 131,204 131,205 131,206 131,207 131,208 131,209
131,214 131,215 131,216 131,217 131,218 131,219
131,229 131,230 131,231 131,232 131,233
132,62 132,63 132,64 132,65
132,208 132,209 132,210 132,211
132,229 132,230 132,231
133,66 133,67 133,68 133,69 133,70 133,71 133,72
133,209 133,210 133,211 133,212 133,213 133,214 133,215
133,227 133,228 133,229 133,230 133,231
133,236 133,237 133,238 133,239
134,72 134,73 134,74 134,75
134,213 134,214 134,215 134,216 134,217
134,234 134,235 134,236 134,237
135,75 135,76 135,77 135,78 135,79 135,80
135,215 135,216 135,217 135,218 135,219
135,231 135,232 135,233
136,80 136,81 136,82 136,83
136,219 136,220 136,221
136,229 136,230 136,231
137,84 137,85 137,86 137,87 137,88
137,220 137,221 137,222 137,223 137,224 137,225 137,226 137,227 137,228 137,229 137,230
138,93 138,94 138,95 138,96 138,97 138,98 138,99 138,100
138,171 138,172 138,173 138,174 138,175 138,176 138,177 138,178 138,179
138,210 138,211 138,212 138,213 138,214 138,215 138,216 138,217 138,218 138,219 138,220 138,221 138,222 138,223 138,224 138,225 138,226
139,92 139,93 139,94 139,95 139,96 139,97 139,98 139,99 139,100 139,101 139,102 139,103 139,104
139,159 139,161 139,162 139,163 139,164 139,165 139,166 139,167 139,169 139,170 139,171 139,172 139,173 139,174 139,175 139,176 139,177 139,178 139,179 139,180 139,181
139,195 139,196 139,197 139,198 139,199 139,200 139,201 139,202 139,203 139,204 139,205 139,206 139,207 139,208 139,209 139,210
140,104 140,105 140,106 140,107 140,108 140,109 140,110 140,111 140,112 140,113 140,114 140,115 140,116 140,117 140,118
140,122 140,123 140,124 140,125 140,126 140,127 140,128 140,129 140,130 140,131 140,132 140,133 140,134 140,135 140,136 140,137 140,138 140,139 140,140 140,141 140,142 140,143 140,144 140,145 140,146 140,147 140,148 140,149 140,150 140,151 140,152 140,153 140,154 140,155 140,156 140,157 140,159
140,192 140,193 140,194 140,195 140,196
141,105 141,106 141,107 141,108 141,109 141,110 141,111 141,112 141,113 141,114 141,115 141,116 141,117 141,118 141,119 141,120 141,121 141,122 141,123 141,124 141,125 141,126 141,127 141,128 141,129 141,130 141,131 141,132 141,133 141,134 141,135 141,136 141,137 141,138 141,139 141,140 141,141 141,142 141,143 141,144 141,145 141,146 141,147 141,148 141,149 141,150 141,151 141,152 141,153 141,154 141,155 141,156 141,157
141,191 141,192 141,193 141,194 141,195
143,181 143,182 143,183
143,198 143,199 143,200 143,201 143,202 143,203 143,204 143,205 143,206 143,207 143,208 143,209 143,210 143,211 143,212 143,213 143,214 143,215 143,216 143,217 143,218 143,219 143,220 143,221 143,222 143,223 143,224 143,225 143,226 143,227
145,96 145,97 145,98
145,193 145,194 145,195 145,198 145,199
145,227 145,228 145,229 145,230
147,183 147,184 147,185
147,199 147,200 147,201
147,211 147,212 147,213 147,214 147,215 147,216 147,217 147,218 147,219 147,220 147,221 147,222 147,223
149,99 149,100 149,101
149,201 149,202 149,203 149,204 149,205
149,223 149,224 149,225
150,185 150,186 150,187
151,197 151,198 151,199 151,202 151,203 151,205
151,223 151,224 151,225 151,226 151,227
151,234 151,235 151,236
152,203 152,205 152,206
152,227 152,228 152,229
153,187 153,188 153,189
153,203 153,204 153,205 153,206 153,207
153,227 153,228 153,229
154,187 154,188 154,189
154,204 154,205 154,207
154,229 154,230 154,231
155,104 155,105 155,106
155,200 155,201 155,204 155,205 155,207 155,208
155,229 155,230 155,231
156,205 156,207 156,208 156,209
156,231 156,232 156,233
157,31 157,32 157,33 157,34 157,35
157,106 157,107 157,108
157,189 157,190 157,191
157,201 157,202 157,203 157,205 157,206 157,207 157,208 157,209
157,231 157,232 157,233 157,234
157,240 157,241 157,242
158,31 158,34 158,35
158,189 158,190 158,191
159,35 159,36 159,37 159,38 159,39 159,40 159,41 159,42 159,43 159,44 159,45 159,46 159,47 159,48 159,49 159,50 159,51 159,52 159,53 159,54 159,55 159,56 159,57 159,58 159,59
159,108 159,109 159,110
159,190 159,191 159,192
159,203 159,204 159,207 159,208 159,209 159,210 159,211
159,233 159,234 159,235 159,236
159,242 159,243 159,244
161,31 161,32 161,33 161,34 161,35 161,36 161,37 161,38 161,39 161,40 161,41 161,42 161,43 161,44 161,45 161,46 161,47 161,48 161,49 161,50 161,51 161,52 161,53 161,54 161,55 161,56 161,57 161,58 161,59
161,109 161,110 161,111
161,191 161,192 161,193
161,204 161,205 161,208 161,209 161,211 161,212
161,235 161,236 161,237 161,238
161,244 161,245 161,246
162,31 162,32 162,33
162,57 162,58 162,59 162,60
162,110 162,111 162,112
162,205 162,206 162,209 162,210 162,211 162,212 162,213
162,235 162,236 162,237 162,238 162,239
162,245 162,246 162,247
163,31 163,32 163,33
163,57 163,58 163,59 163,60 163,61
163,206 163,207 163,210 163,213
163,237 163,239 163,240
164,31 164,32 164,33 164,34
164,57 164,58 164,59 164,60 164,61 164,62
164,112 164,113 164,114
164,120 164,121 164,122 164,124
164,193 164,194 164,195
164,207 164,210 164,211 164,213 164,214
164,237 164,238 164,239 164,240 164,241
164,247 164,248 164,249
165,32 165,33 165,34
165,59 165,60 165,61 165,62
165,207 165,208 165,211
165,239 165,241 165,242
166,32 166,33 166,34
166,59 166,60 166,61 166,62 166,63
166,113 166,114 166,115 166,116
166,122 166,123 166,124 166,126 166,127 166,128
166,183 166,184 166,185
166,194 166,195 166,196
166,207 166,208 166,209 166,211 166,212 166,213 166,215
166,239 166,240 166,241 166,242 166,243 166,244
166,249 166,250 166,251
167,32 167,33 167,34
167,60 167,61 167,63 167,64
167,209 167,212 167,213 167,215
167,241 167,243 167,244
168,32 168,33 168,34
168,42 168,43 168,44 168,45 168,46 168,47 168,48 168,49
168,61 168,62 168,63 168,64
168,115 168,116 168,117
168,124 168,125 168,126 168,127 168,130 168,131 168,132
168,195 168,196 168,197
168,213 168,215 168,216 168,217
168,241 168,242 168,243 168,244 168,245 168,246
168,251 168,252 168,253
169,32 169,33 169,34
169,43 169,45 169,46 169,47 169,48 169,49
169,61 169,62 169,63 169,64 169,65
169,126 169,127 169,128
169,213 169,214 169,217
169,243 169,245 169,246 169,247
170,32 170,33 170,34
170,43 170,44 170,45 170,46 170,47 170,48 170,49 170,50 170,51
170,61 170,62 170,63 170,65
170,117 170,118 170,119
170,128 170,129 170,130 170,131 170,132 170,134 170,135 170,136 170,137
170,185 170,186 170,187
170,209 170,210 170,211 170,214 170,215 170,217
170,245 170,246 170,247 170,248
170,253 170,254 170,255
171,32 171,33 171,34
171,43 171,44 171,45 171,46 171,47 171,49 171,50 171,51
171,63 171,64 171,65
171,118 171,119 171,120
171,130 171,131 171,132
171,197 171,198 171,199
171,211 171,212 171,215 171,217 171,218
171,245 171,247 171,248 171,249
172,32 172,33 172,34 172,35
172,45 172,46 172,47 172,48 172,49 172,51 172,52 172,53
172,63 172,64 172,65 172,66 172,67
172,118 172,119 172,120 172,121
172,132 172,133 172,134 172,135 172,136 172,137
172,197 172,198 172,199
172,211 172,212 172,215 172,216 172,217 172,218 172,219
172,247 172,248 172,249 172,250
172,255 172,256 172,257
173,32 173,33 173,34 173,35
173,47 173,48 173,49 173,51 173,52 173,53
173,64 173,65 173,67
174,33 174,34 174,35
174,47 174,48 174,49 174,50 174,52 174,53 174,54 174,55
174,64 174,65 174,67 174,68
174,120 174,121 174,122
174,140 174,141 174,142
174,199 174,200 174,201
174,213 174,214 174,217 174,219 174,220
174,249 174,251 174,252
174,257 174,258 174,259
175,33 175,34 175,35
175,49 175,50 175,51 175,53 175,54 175,55
175,65 175,66 175,68 175,69
175,199 175,200 175,201
175,214 175,215 175,217
176,33 176,34 176,35
176,49 176,50 176,51
176,55 176,56 176,57
176,65 176,66 176,67 176,69
176,122 176,123 176,124
176,150 176,151 176,152 176,153 176,154 176,155
176,199 176,200 176,201
176,215 176,217 176,218 176,219 176,221
176,259 176,260 176,261
177,33 177,34 177,35 177,36
177,56 177,57 177,58
177,66 177,67 177,69
177,123 177,124 177,125
177,215 177,218 177,219 177,221
178,33 178,34 178,35 178,36
178,51 178,52 178,53
178,57 178,58 178,59
178,67 178,68 178,69 178,70
178,123 178,124 178,125 178,126
178,157 178,158 178,159 178,160 178,161 178,163
178,201 178,202 178,203
178,215 178,216 178,219 178,221 178,222 178,223
178,255 178,256 178,257
178,261 178,262 178,263
179,34 179,35 179,36
179,58 179,59 179,60
179,67 179,68 179,69 179,70 179,71
179,201 179,202 179,203
179,216 179,217 179,219 179,220 179,223
180,34 180,35 180,36
180,53 180,54 180,55
180,59 180,60 180,61
180,67 180,68 180,69 180,71
180,125 180,126 180,127 180,128
180,167 180,169 180,171
180,217 180,220 180,221 180,223 180,224
180,257 180,258 180,259
180,263 180,264 180,265
180,269 180,270 180,271 180,272
181,34 181,35 181,36
181,60 181,61 181,62
181,69 181,70 181,71 181,72
181,217 181,218 181,221
181,265 181,266 181,269 181,272 181,273 181,274 181,275 181,276 181,277 181,278 181,279 181,280 181,281 181,282 181,283 181,284 181,285 181,286 181,287 181,288 181,289 181,290 181,291 181,293 181,294 181,295 181,296 181,297 181,298 181,299 181,300 181,301 181,302 181,303 181,304 181,305 181,306 181,307 181,308 181,309 181,310 181,311 181,312 181,313 181,314 181,315 181,316 181,317 181,318 181,319 181,320 181,321 181,322 181,323 181,324 181,325 181,326 181,327 181,328 181,329 181,330 181,331 181,332 181,333 181,334 181,335 181,336 181,337 181,338 181,339
181,345 181,346 181,347 181,348 181,349 181,350 181,351 181,352 181,353 181,354 181,355
182,34 182,35 182,36 182,37 182,38 182,39 182,41
182,55 182,56 182,57 182,58 182,61 182,62 182,63
182,69 182,70 182,71 182,72 182,73
182,127 182,128 182,129
182,187 182,188 182,189
182,203 182,204 182,205
182,217 182,218 182,219 182,221 182,222 182,225
182,259 182,260 182,261
182,265 182,266 182,267 182,269 182,270 182,271 182,272 182,273
182,338 182,339 182,340 182,341 182,342 182,343 182,344 182,345
182,354 182,355 182,356 182,357 182,358
183,34 183,35 183,36 183,37 183,38
183,57 183,58 183,59 183,62 183,63 183,64
183,69 183,70 183,71 183,73
183,128 183,129 183,130
183,219 183,222 183,225
184,34 184,35 184,36 184,37 184,38 184,39 184,41
184,57 184,58 184,59
184,63 184,64 184,65 184,66 184,69 184,70 184,71 184,72 184,73 184,74
184,128 184,129 184,130
184,144 184,145 184,146 184,147 184,148
184,219 184,220 184,222 184,223 184,226
184,267 184,268 184,269
184,273 184,274 184,275
184,281 184,282 184,283 184,284 184,285 184,286 184,287 184,288 184,289 184,290 184,291 184,292 184,293 184,294 184,295 184,296 184,297 184,298 184,299 184,300 184,301 184,302 184,303 184,304 184,305 184,306 184,307 184,308 184,309 184,310 184,311 184,312 184,313 184,314 184,315 184,316 184,317 184,318 184,319
184,359 184,360 184,361 184,362 184,363
185,65 185,66 185,67
185,71 185,72 185,74 185,75
185,146 185,147 185,148
185,220 185,221 185,223 185,224
185,274 185,275 185,276
185,281 185,282 185,283 185,284 185,285 185,286 185,287 185,288 185,289 185,290 185,291 185,292 185,293 185,294 185,295 185,296 185,297 185,298 185,299 185,300 185,301 185,302 185,303 185,304 185,305 185,306 185,307 185,308 185,309 185,310 185,311 185,312 185,313 185,314 185,315 185,316 185,318
185,363 185,364 185,365 185,366
186,57 186,58 186,59
186,65 186,66 186,67
186,71 186,72 186,73 186,75
186,130 186,131 186,132
186,152 186,153 186,154 186,155 186,156 186,157
186,205 186,206 186,207
186,221 186,224 186,225 186,227
186,269 186,270 186,271
186,281 186,282 186,283 186,284 186,285
186,299 186,300 186,301 186,302 186,303 186,305 186,306 186,307 186,308 186,309 186,310 186,311 186,312 186,313 186,314 186,315 186,316 186,317 186,318 186,319 186,320 186,321 186,322 186,323 186,324 186,325 186,326 186,327 186,328 186,329 186,330 186,331 186,332 186,333 186,334 186,335 186,336 186,337 186,338 186,339 186,340 186,341 186,342 186,343 186,344 186,345 186,346 186,347 186,348 186,349 186,350 186,351 186,352 186,353 186,354 186,355 186,356 186,357
187,34 187,35 187,36 187,37
187,57 187,58 187,59
187,72 187,73 187,75
187,221 187,222 187,224 187,225
187,283 187,284 187,285
187,346 187,347 187,348 187,349 187,350 187,351 187,352 187,353 187,354 187,355 187,356 187,357 187,358
187,367 187,368 187,369 187,370
188,35 188,36 188,37
188,55 188,56 188,57 188,58
188,63 188,64 188,65 188,66 188,67
188,73 188,74 188,75 188,76
188,132 188,133 188,134
188,161 188,162 188,163 188,164 188,165
188,221 188,222 188,223 188,224 188,225
188,271 188,272 188,273
188,278 188,279 188,280 188,281 188,283 188,284 188,285 188,286 188,287
188,357 188,358 188,359 188,360 188,361 188,362
188,369 188,370 188,371 188,372 188,373
189,35 189,36 189,37
189,55 189,56 189,57
189,63 189,64 189,65
189,73 189,74 189,75 189,76 189,77
189,286 189,287 189,288
189,314 189,315 189,316
189,360 189,361 189,362 189,363
189,373 189,374 189,375
190,35 190,36 190,37
190,55 190,56 190,57
190,62 190,63 190,64 190,65
190,73 190,74 190,75 190,76 190,77
190,171 190,172 190,173
190,207 190,208 190,209
190,273 190,274 190,275
190,281 190,282 190,283
190,287 190,288 190,289 190,290 190,291
190,314 190,315 190,316 190,317 190,318 190,319 190,320 190,321 190,322 190,323 190,324 190,325 190,326 190,327 190,328 190,329 190,330 190,331 190,332 190,333 190,334 190,335 190,336
190,361 190,362 190,363 190,364 190,365 190,366 190,367
190,374 190,375 190,376 190,377 190,378
191,56 191,57 191,58
191,63 191,64 191,65
191,75 191,76 191,77
191,275 191,276 191,277 191,278 191,279
191,289 191,290 191,291
191,315 191,316 191,317 191,318 191,319 191,320 191,321 191,322
191,329 191,330 191,331 191,332 191,333 191,334 191,335 191,336 191,337 191,338
191,365 191,366 191,367 191,368
191,378 191,379 191,380
192,35 192,36 192,37
192,57 192,58 192,59 192,60 192,61 192,63 192,64 192,65 192,66 192,67 192,68
192,75 192,76 192,77 192,78
192,179 192,180 192,181 192,182
192,275 192,276 192,277 192,279 192,280 192,281 192,284 192,285 192,286 192,287 192,289 192,290 192,291 192,292 192,293
192,318 192,319 192,320 192,321 192,322 192,323 192,324 192,325 192,326 192,327 192,328 192,329 192,330 192,331 192,332 192,333 192,334 192,335 192,336 192,337 192,338 192,339 192,340 192,341 192,342 192,343 192,344 192,345 192,346 192,347
192,366 192,367 192,368 192,369 192,370 192,371 192,372
192,379 192,380 192,381 192,382 192,383
193,35 193,36 193,37 193,38
193,59 193,60 193,61
193,66 193,67 193,68 193,69
193,75 193,76 193,77 193,78
193,330 193,331 193,332 193,333 193,334 193,335 193,336
193,342 193,343 193,344 193,345 193,346 193,347
193,370 193,371 193,372 193,373
193,383 193,384 193,385
194,36 194,37 194,38
194,59 194,60 194,61 194,62 194,63
194,67 194,68 194,69 194,70 194,71
194,75 194,76 194,77 194,78 194,79 194,80
194,209 194,210 194,211
194,281 194,282 194,283 194,284 194,287 194,288 194,289
194,293 194,294 194,295 194,296 194,297
194,333 194,334 194,335 194,336 194,337 194,338 194,339 194,340 194,341 194,342 194,343 194,344 194,345 194,346 194,347 194,348 194,349 194,350 194,351
194,371 194,372 194,373 194,374 194,375 194,376 194,377
194,384 194,385 194,386 194,387 194,388
195,69 195,70 195,71
195,77 195,78 195,80
195,340 195,341 195,342 195,343 195,344
195,349 195,350 195,351 195,352
195,375 195,376 195,377 195,378
195,388 195,389 195,390
196,63 196,64 196,65 196,66
196,71 196,72 196,73 196,74 196,77 196,78 196,79 196,80 196,81
196,179 196,180 196,181 196,182 196,183 196,184 196,185 196,186 196,187 196,188 196,189 196,190 196,191
196,285 196,286 196,287 196,290 196,291 196,292 196,293
196,297 196,298 196,299 196,300 196,301
196,343 196,344 196,345 196,346 196,347 196,348 196,350 196,351 196,352 196,353 196,354 196,355
196,376 196,377 196,378 196,379 196,380 196,381 196,382
196,389 196,390 196,391 196,392 196,393
197,65 197,66 197,67
197,73 197,74 197,75 197,78 197,79 197,81 197,82
197,299 197,300 197,301
197,346 197,347 197,348 197,349 197,350 197,353 197,354 197,355 197,356 197,357
197,380 197,381 197,382 197,383 197,384 197,385
197,393 197,394 197,395
198,66 198,67 198,68 198,69
198,73 198,74 198,75 198,76 198,78 198,79 198,80 198,82 198,83 198,85 198,86 198,87 198,88 198,89
198,301 198,302 198,303 198,304 198,305 198,306 198,307 198,308 198,309 198,310 198,311 198,312
198,348 198,349 198,350 198,351 198,352 198,355 198,356 198,357 198,358 198,359 198,360
198,383 198,384 198,385 198,386 198,387 198,388
198,395 198,396 198,397
199,67 199,68 199,69
199,75 199,76 199,77 199,79 199,80 199,81 199,83 199,84
199,289 199,290 199,291
199,295 199,296 199,297
199,302 199,303 199,304 199,306 199,307 199,308 199,309 199,310 199,311
199,350 199,351 199,352 199,353
199,357 199,358 199,359 199,360 199,361
199,385 199,386 199,387 199,388 199,389 199,390
199,397 199,398 199,399 199,400
200,75 200,76 200,77 200,79 200,80 200,81
200,291 200,292 200,293 200,296 200,297
200,304 200,305 200,306
200,318 200,319 200,320 200,321 200,322
200,349 200,350 200,351 200,352 200,353
200,359 200,360 200,361 200,362
200,388 200,389 200,390 200,391 200,392 200,393
200,400 200,401 200,402
201,36 201,37 201,38 201,39
201,69 201,70 201,71 201,72 201,73 201,74 201,75 201,76 201,77 201,78 201,80 201,81 201,82
201,293 201,294 201,295 201,296 201,297 201,299
201,348 201,349 201,350 201,351 201,352
201,357 201,358 201,359 201,360 201,361 201,362
201,390 201,391 201,392 201,393 201,394 201,395
201,402 201,403 201,404 201,405
202,37 202,38 202,39
202,70 202,71 202,72 202,73 202,74 202,75 202,76 202,78 202,80 202,81 202,82
202,299 202,300 202,301
202,307 202,308 202,309
202,322 202,324 202,325
202,347 202,348 202,349 202,350
202,356 202,357 202,358 202,359 202,360 202,361
202,393 202,394 202,395 202,396 202,397 202,398
202,405 202,406 202,407
203,348 203,349 203,350 203,351 203,352
203,356 203,357 203,358 203,359 203,360 203,361
203,395 203,396 203,397 203,398 203,399 203,400
203,407 203,408 203,409 203,410
204,45 204,46 204,47 204,48 204,49
204,56 204,57 204,58 204,59 204,60 204,61
204,79 204,80 204,82 204,83 204,84
204,277 204,278 204,279 204,281
204,349 204,350 204,351 204,352 204,353 204,354
204,358 204,359 204,360 204,361 204,362 204,363 204,364
204,398 204,399 204,400 204,401 204,402
204,410 204,411 204,412
205,37 205,38 205,40
205,61 205,62 205,63 205,64 205,65 205,66 205,67 205,68 205,69 205,70 205,71 205,72 205,73 205,75 205,76 205,78 205,79
205,279 205,280 205,281 205,282 205,283
205,352 205,353 205,354 205,355 205,356 205,357
205,361 205,362 205,363 205,364 205,365 205,366 205,367 205,368
205,400 205,401 205,402 205,403 205,404 205,405
205,412 205,413 205,414
206,37 206,38 206,40 206,41 206,43
206,62 206,63 206,64 206,65 206,66 206,67 206,68 206,69 206,70 206,71 206,72 206,73 206,76
206,116 206,119 206,120 206,122 206,123 206,124
206,185 206,186 206,187
206,281 206,282 206,283 206,284 206,285
206,355 206,356 206,357 206,358 206,359
206,364 206,365 206,366 206,367 206,368 206,369 206,370
206,403 206,404 206,405 206,406 206,407 206,408
206,414 206,415 206,416 206,417
207,120 207,121 207,122
207,283 207,284 207,285 207,286 207,287
207,315 207,316 207,317
207,358 207,359 207,360 207,361 207,362
207,368 207,369 207,370 207,371 207,372
207,406 207,407 207,408 207,409 207,410 207,411
207,417 207,418 207,419
208,41 208,43 208,44 208,45 208,46 208,47 208,48 208,49 208,50 208,51 208,52 208,53 208,54 208,55 208,56 208,57 208,58 208,59
208,121 208,122 208,123 208,124
208,129 208,130 208,131
208,283 208,285 208,286 208,287 208,288 208,289
208,360 208,361 208,362 208,363 208,364 208,365 208,366 208,367 208,368 208,369 208,370 208,371 208,372 208,373 208,376
208,408 208,409 208,410 208,411 208,412 208,413
208,419 208,420 208,421 208,422
209,22 209,23 209,24 209,25 209,26 209,27 209,28 209,29 209,30 209,31 209,32 209,33 209,34 209,35
209,55 209,56 209,57 209,58 209,59 209,60 209,61
209,122 209,123 209,124
209,130 209,131 209,132 209,133 209,134
209,286 209,287 209,288 209,289
209,362 209,363 209,364
209,371 209,372 209,374 209,375 209,378
209,411 209,412 209,413 209,414 209,415
209,422 209,423 209,424 209,425
210,57 210,58 210,59 210,60 210,61 210,62 210,63 210,64 210,65
210,118 210,119 210,120 210,121 210,122 210,123 210,124 210,126
210,161 210,162 210,163 210,164 210,165 210,166 210,167
210,221 210,222 210,223
210,287 210,288 210,289 210,290 210,291
210,320 210,321 210,322
210,331 210,332 210,333 210,334 210,335 210,336 210,337 210,338 210,339 210,340 210,341 210,342 210,343 210,344 210,345 210,346 210,347 210,348 210,349 210,350 210,351
210,365 210,366 210,367 210,368 210,369 210,370 210,371 210,374 210,375 210,376 210,378 210,379
210,413 210,414 210,415 210,416 210,417 210,418
210,425 210,426 210,427
211,60 211,61 211,62 211,63 211,64 211,65 211,66 211,67 211,68 211,69
211,116 211,117 211,118 211,119 211,120 211,121 211,124
211,142 211,143 211,144 211,145 211,146 211,147 211,150 211,151 211,152 211,153
211,161 211,162 211,163 211,165 211,167 211,169
211,289 211,290 211,291 211,293
211,350 211,352 211,353 211,354 211,355 211,356 211,357 211,358 211,359 211,360 211,361 211,362 211,363 211,364 211,365 211,366 211,367 211,368 211,369 211,370 211,371 211,372 211,373 211,374 211,375 211,376 211,377 211,378 211,379 211,380 211,381 211,382 211,383
211,416 211,417 211,418 211,419 211,420
211,427 211,428 211,429 211,430
212,24 212,25 212,26
212,62 212,63 212,64 212,65 212,66 212,67 212,68 212,69 212,70 212,71 212,72 212,73
212,111 212,112 212,113 212,114 212,115 212,116 212,118 212,119 212,120 212,122 212,124
212,135 212,136 212,138 212,139 212,140 212,141 212,142 212,143 212,144 212,145 212,146 212,147 212,148 212,149 212,150 212,151 212,152 212,153
212,291 212,292 212,293 212,294 212,295
212,352 212,353 212,354 212,355 212,356 212,357 212,358 212,359 212,360 212,361 212,362 212,363 212,364 212,365 212,366 212,367 212,368 212,369 212,370 212,371 212,372 212,373 212,374 212,375 212,376 212,377 212,378 212,379 212,380 212,381 212,382 212,383 212,384 212,385 212,386 212,387 212,388 212,389
212,418 212,419 212,420 212,421 212,422 212,423
212,430 212,431 212,432
213,25 213,26 213,27
213,64 213,65 213,66 213,67 213,68 213,69 213,70 213,71 213,72 213,73 213,74 213,75
213,108 213,109 213,110 213,111 213,112 213,113 213,114 213,117 213,120
213,293 213,294 213,295
213,383 213,384 213,385 213,386 213,387 213,388 213,389 213,390 213,391 213,392
213,421 213,422 213,423 213,424 213,425
213,432 213,433 213,434 213,435
214,67 214,68 214,69 214,70 214,71 214,72 214,73 214,74 214,75 214,76 214,77 214,78
214,104 214,105 214,106 214,107 214,108 214,109 214,110 214,112 214,113 214,114 214,115 214,116 214,117
214,295 214,296 214,297 214,298 214,299
214,316 214,317 214,318
214,388 214,389 214,390 214,391 214,392 214,393 214,394 214,395 214,396 214,397 214,398
214,424 214,425 214,426 214,427 214,428
214,435 214,436 214,437
215,22 215,23 215,24 215,25
215,70 215,71 215,72 215,73 215,74 215,75 215,76 215,77 215,78 215,79 215,80
215,101 215,102 215,103 215,104 215,105 215,106 215,107 215,109 215,110
215,297 215,298 215,299
215,351 215,352 215,353 215,354 215,355 215,356 215,357 215,358 215,359 215,360 215,361 215,362 215,363 215,364 215,365 215,366 215,367 215,368 215,369 215,370 215,371 215,372 215,373 215,374 215,375 215,376 215,377 215,378 215,379 215,380 215,381 215,382 215,383 215,384
215,392 215,393 215,394 215,395 215,396 215,397 215,398 215,399 215,400 215,401 215,402
215,426 215,427 215,428 215,429 215,430
215,437 215,438 215,439 215,440
216,19 216,20 216,21
216,73 216,74 216,75 216,76 216,77 216,78 216,79 216,80 216,81 216,82 216,83
216,98 216,99 216,100 216,101 216,102 216,103 216,104 216,105 216,106 216,107 216,108 216,109 216,110
216,119 216,120 216,121 216,122
216,297 216,298 216,299 216,300 216,301
216,350 216,351 216,352
216,385 216,386 216,387 216,388 216,389
216,397 216,398 216,399 216,400 216,401 216,402 216,403 216,404 216,405 216,406
216,429 216,430 216,431 216,432 216,433
216,440 216,441 216,442
217,15 217,16 217,17 217,18
217,75 217,76 217,77 217,78 217,79 217,80 217,81 217,82 217,83 217,84 217,85
217,91 217,94 217,95 217,96 217,97 217,98 217,99 217,100 217,102 217,103 217,104 217,105 217,106
217,299 217,300 217,301 217,302 217,303
217,390 217,391 217,392 217,393 217,394 217,395
217,402 217,403 217,404 217,405 217,406 217,407 217,408 217,409 217,410 217,411
217,431 217,432 217,433 217,434 217,435 217,436
217,442 217,443 217,444
218,12 218,13 218,14 218,15
218,78 218,79 218,80 218,81 218,82 218,83 218,84 218,85 218,86
218,91 218,92 218,93 218,94 218,95 218,96 218,97 218,98 218,99 218,100 218,101 218,102 218,103
218,301 218,302 218,303 218,304 218,305
218,396 218,397 218,398
218,406 218,407 218,408 218,409 218,410 218,411 218,412 218,413 218,414 218,415
218,433 218,434 218,435 218,436 218,437 218,438
218,444 218,445 218,446 218,447
219,9 219,10 219,11
219,81 219,82 219,83 219,84 219,85 219,86
219,92 219,93 219,95 219,97 219,98 219,99
219,303 219,304 219,305 219,306
219,399 219,400 219,401 219,402 219,403 219,404 219,405
219,411 219,412 219,413 219,414 219,415 219,416 219,417 219,418 219,419 219,420 219,421
219,436 219,437 219,438 219,439 219,440 219,441
219,447 219,448 219,449
220,5 220,6 220,7 220,8
220,83 220,84 220,85 220,86 220,87 220,88
220,106 220,107 220,108
220,304 220,305 220,306 220,307
220,352 220,353 220,354 220,355 220,356
220,406 220,407 220,408
220,415 220,416 220,417 220,418 220,419 220,420 220,421 220,422 220,423 220,424
220,438 220,439 220,440 220,441 220,442 220,443
220,449 220,450 220,451 220,452
221,26 221,27 221,28
221,86 221,87 221,88 221,89 221,90 221,91
221,306 221,307 221,308
221,356 221,357 221,358 221,359 221,360 221,361 221,362 221,363 221,364
221,409 221,410 221,411 221,412 221,413 221,414
221,420 221,421 221,422 221,423 221,424 221,425 221,426 221,427 221,428 221,429 221,430
221,441 221,442 221,443 221,444 221,445 221,446
221,452 221,453 221,454
222,26 222,27 222,28
222,37 222,38 222,39 222,40 222,41
222,89 222,90 222,91 222,92 222,93 222,94
222,99 222,100 222,101
222,308 222,309 222,310
222,364 222,365 222,366 222,367 222,368 222,369 222,370 222,371
222,415 222,416 222,417 222,418 222,419
222,424 222,425 222,426 222,427 222,428 222,429 222,430 222,431 222,432 222,433 222,434
222,443 222,444 222,445 222,446 222,447 222,448
222,454 222,455 222,456 222,457
223,36 223,37 223,38 223,39 223,40 223,41 223,42
223,92 223,93 223,94 223,95 223,96
223,310 223,311 223,312
223,318 223,319 223,320 223,321
223,371 223,372 223,373 223,374 223,375 223,376
223,420 223,421 223,422 223,423
223,429 223,430 223,431 223,432 223,433 223,434 223,435 223,436 223,437 223,438 223,439
223,446 223,447 223,448 223,449 223,450 223,451
223,457 223,458 223,459
224,5 224,6 224,7 224,8 224,9 224,10 224,11
224,36 224,37 224,38 224,41 224,42 224,43 224,44 224,45 224,46 224,47 224,48 224,49 224,50 224,51 224,52 224,53 224,54 224,55 224,56 224,57 224,58 224,59 224,60 224,61 224,62 224,63 224,64 224,65 224,66 224,67 224,68 224,69 224,70 224,71 224,72 224,73 224,74 224,75 224,76 224,77 224,78 224,79 224,80 224,81 224,82 224,83 224,84 224,85 224,86 224,88 224,89 224,90 224,91 224,92 224,93 224,94 224,95
224,312 224,313 224,315 224,316 224,317 224,318 224,319 224,320 224,321 224,322 224,323 224,324 224,325 224,326 224,327 224,328 224,329 224,330 224,331 224,332 224,333 224,334 224,335 224,336 224,337 224,338
224,376 224,377 224,378 224,379 224,380 224,381
224,424 224,425 224,426 224,427 224,428 224,429
224,434 224,435 224,436 224,437 224,438 224,439 224,440 224,441 224,442 224,443 224,444
224,449 224,450 224,451 224,452 224,453 224,454
224,459 224,460 224,461
225,5 225,6 225,7 225,8 225,9 225,11
225,90 225,91 225,92 225,93 225,94
225,313 225,314 225,315 225,316 225,317 225,318 225,319 225,320 225,321 225,322 225,323 225,324 225,325 225,326 225,327 225,328
225,332 225,333 225,334 225,335 225,336 225,337 225,338 225,339
225,381 225,382 225,383 225,384 225,385 225,386 225,387
225,430 225,431 225,432 225,433
225,438 225,439 225,440 225,441 225,442 225,443 225,444 225,445 225,446 225,447 225,448 225,451 225,452 225,453 225,454 225,455 225,456
225,461 225,462 225,463 225,464
226,4 226,6 226,7 226,8 226,9 226,10 226,11 226,12 226,13
226,319 226,320 226,321 226,322 226,323 226,324 226,325 226,326 226,327 226,328 226,329 226,330 226,331 226,332 226,333 226,334 226,335 226,336 226,337 226,338 226,339 226,340 226,341 226,342 226,343 226,344 226,345 226,346 226,347 226,348 226,349 226,350 226,351 226,354 226,355 226,356 226,357 226,358 226,359 226,360 226,361 226,362 226,363 226,364 226,365
226,387 226,388 226,389 226,390 226,391 226,392
226,434 226,435 226,436 226,437 226,438 226,439
226,443 226,444 226,445 226,446 226,447 226,448 226,449 226,450 226,451 226,452 226,453 226,454 226,455 226,456 226,457 226,458 226,459
226,464 226,465 226,466
227,334 227,335 227,336 227,337 227,338 227,339 227,340 227,341 227,342 227,343 227,344 227,345 227,346
227,352 227,353 227,354 227,355 227,356 227,357 227,358 227,359 227,360
227,392 227,393 227,394 227,395 227,396 227,397 227,398 227,399
227,440 227,441 227,442 227,443
227,447 227,448 227,449 227,450 227,451 227,452 227,453 227,454 227,455 227,456 227,457 227,458 227,459 227,460 227,461
227,466 227,467 227,468 227,469
228,353 228,354 228,355 228,356 228,357 228,358 228,359 228,360 228,361 228,362 228,363 228,364 228,365 228,368 228,369 228,370
228,399 228,400 228,401 228,402
228,444 228,445 228,446 228,447 228,448 228,449 228,452 228,453 228,454 228,455 228,456 228,457 228,458 228,459 228,460 228,461 228,462 228,463 228,464
228,469 228,470 228,471
229,362 229,363 229,364
229,402 229,403 229,404 229,405 229,406
229,450 229,451 229,452 229,453 229,456 229,457 229,458 229,459 229,460 229,461 229,462 229,463 229,464 229,465
229,471 229,472 229,473 229,474
230,312 230,314 230,315 230,316
230,406 230,407 230,408 230,409
230,454 230,455 230,456 230,457 230,458 230,461 230,462 230,463 230,464 230,465 230,466
230,474 230,475 230,476 230,477
231,138 231,139 231,140
231,144 231,146 231,147
231,153 231,154 231,155
231,285 231,287 231,289 231,292 231,293 231,294 231,295 231,296 231,297 231,299 231,301 231,303 231,304 231,305 231,306 231,307 231,308 231,309 231,310 231,311 231,312 231,313 231,314 231,315 231,316
231,409 231,410 231,411 231,412
231,459 231,460 231,461 231,462 231,463 231,464
231,477 231,478 231,479
232,138 232,139 232,140 232,141 232,144 232,145 232,146 232,147 232,148
232,152 232,153 232,154 232,155 232,156 232,157
232,161 232,162 232,163 232,164 232,165
232,246 232,247 232,248 232,249
232,261 232,262 232,263 232,264 232,265
232,285 232,287 232,289 232,292 232,293 232,294 232,295 232,296 232,297 232,299 232,301 232,303 232,304 232,305 232,306 232,307 232,308 232,309 232,310 232,311 232,312 232,313 232,314 232,315
232,358 232,359 232,360 232,361 232,362 232,364
232,412 232,413 232,414 232,415 232,416 232,417 232,418
232,465 232,466 232,467 232,468
232,479 232,480 232,481 232,482 232,483
233,128 233,129 233,130 233,132 233,133
233,140 233,141 233,144 233,146 233,148
233,154 233,155 233,157
233,161 233,163 233,165 233,166
233,468 233,469 233,470 233,471 233,472 233,473 233,474
234,122 234,123 234,124 234,125 234,126 234,127 234,128 234,129 234,132 234,133
234,157 234,158 234,159
234,365 234,366 234,367 234,368 234,371 234,372
234,419 234,420 234,421 234,422 234,423 234,424 234,425
234,475 234,476 234,477 234,478 234,479
234,484 234,485 234,486 234,487 234,488 234,489
235,94 235,95 235,96
235,130 235,131 235,132 235,133
235,405 235,406 235,407
235,479 235,480 235,481 235,482 235,483 235,484
236,93 236,94 236,95 236,96 236,97 236,98 236,99 236,100 236,101 236,102 236,103 236,104 236,105 236,106 236,107 236,108 236,109 236,110 236,111 236,112 236,113 236,114 236,115 236,116 236,117 236,118 236,119 236,120 236,121 236,122 236,123 236,124 236,125 236,126 236,127 236,128 236,129 236,130 236,131 236,132 236,133 236,134 236,135 236,136 236,137 236,138 236,139 236,140 236,141
236,368 236,369 236,370 236,373 236,374
236,391 236,392 236,393 236,394 236,395 236,396 236,397 236,398 236,399 236,400 236,402 236,403 236,404 236,405 236,406 236,407 236,408 236,409 236,410 236,411 236,412
236,426 236,427 236,428 236,429 236,430 236,431 236,432 236,433
236,485 236,486 236,487 236,488 236,489 236,490 236,491 236,492 236,493
237,489 237,490 237,491 237,492 237,493 237,494
238,5 238,6 238,7
238,235 238,236 238,237
238,366 238,368 238,370 238,371 238,372 238,373 238,375 238,376 238,377 238,378 238,379 238,380 238,381 238,382 238,383 238,384 238,385 238,388
238,408 238,409 238,410 238,411 238,412 238,413 238,414 238,415
238,433 238,434 238,435 238,436 238,437 238,438 238,439 238,440 238,441 238,442 238,443
239,7 239,8 239,9
239,372 239,373 239,376 239,377 239,378
240,10 240,11 240,12 240,13 240,14 240,15 240,16
240,239 240,241 240,242
240,355 240,356 240,357 240,358 240,359 240,360 240,361 240,362 240,363 240,364
240,370 240,373 240,374 240,377 240,378 240,379
240,443 240,444 240,445 240,446 240,447 240,448 240,449 240,450 240,451 240,452 240,453
241,16 241,17 241,18 241,19
241,363 241,364 241,365
242,20 242,21 242,22 242,23 242,24
242,363 242,364 242,365 242,366
242,372 242,374 242,375 242,376 242,378 242,379
242,453 242,454 242,455 242,456 242,457 242,458 242,459 242,460 242,461 242,462
243,24 243,25 243,26 243,27
244,365 244,366 244,367 244,368
244,372 244,375 244,376 244,377 244,379 244,380
244,444 244,445 244,446 244,447 244,448 244,449 244,450
244,463 244,464 244,465 244,466 244,467 244,468
245,366 245,367 245,368
245,376 245,377 245,380
246,229 246,230 246,231
246,367 246,368 246,369
246,374 246,376 246,377 246,378 246,380 246,381
246,449 246,450 246,451 246,452 246,453 246,454 246,455 246,456 246,457 246,458
246,469 246,470 246,471 246,472 246,473 246,474 246,475 246,476 246,477 246,478 246,479
247,454 247,455 247,456
247,460 247,461 247,462 247,463 247,464
248,32 248,33 248,34 248,35 248,36
248,369 248,370 248,371 248,374
248,378 248,379 248,381 248,382
248,455 248,456 248,457 248,458 248,459 248,460 248,461 248,462 248,463 248,464 248,465 248,466 248,467 248,468 248,469 248,470 248,471 248,472
248,480 248,481 248,482 248,483 248,484 248,485 248,486 248,487 248,488 248,489
249,227 249,228 249,229
249,369 249,370 249,371
249,485 249,486 249,487 249,488 249,489
250,36 250,37 250,38 250,39
250,131 250,132 250,133 250,134
250,209 250,210 250,211 250,212 250,213 250,214 250,215 250,216 250,217 250,218 250,219 250,220 250,221 250,222 250,223 250,224 250,225 250,226 250,227 250,228 250,229
250,370 250,371 250,372
250,379 250,380 250,382 250,383
250,458 250,459 250,460 250,462 250,463 250,464 250,465 250,466 250,467 250,468 250,469 250,470 250,471 250,472 250,473 250,474
250,479 250,480 250,481 250,482 250,483 250,484 250,485
251,456 251,458 251,459 251,460 251,461 251,462
251,476 251,477 251,478 251,479 251,480
252,36 252,37 252,38
252,312 252,313 252,314 252,315 252,318 252,320 252,321 252,322 252,323 252,325 252,327 252,328 252,329 252,330 252,332 252,334
252,370 252,371 252,372
252,378 252,379 252,382 252,383
252,455 252,456 252,457 252,458 252,459 252,460 252,461 252,462
252,469 252,470 252,471 252,472 252,473 252,474 252,475 252,476
253,466 253,467 253,468 253,469
254,32 254,33 254,34 254,35
254,128 254,130 254,131 254,132 254,133 254,134 254,135
254,209 254,210 254,211
254,215 254,216 254,217 254,218 254,219 254,220 254,221 254,222 254,223 254,224 254,225 254,226 254,227 254,228 254,229
254,314 254,315 254,316 254,317 254,318 254,319 254,320 254,321 254,322 254,323 254,325 254,326 254,327 254,328 254,329 254,330
254,378 254,379 254,381 254,382
254,449 254,450 254,452 254,453 254,454
254,460 254,461 254,462 254,463 254,464 254,465 254,466
255,457 255,458 255,459 255,460 255,461
256,27 256,28 256,29 256,30 256,31
256,374 256,376 256,377 256,378 256,380 256,381
256,452 256,453 256,454 256,455 256,456 256,457
257,449 257,450 257,451 257,452 257,453
258,18 258,19 258,20 258,21 258,22 258,23 258,24 258,25 258,26
258,229 258,230 258,231
258,372 258,375 258,376 258,377 258,379 258,380
258,444 258,445 258,446 258,447 258,448 258,449
259,439 259,440 259,441 259,442 259,443 259,444 259,445
260,9 260,10 260,11 260,12 260,13 260,14 260,15 260,16 260,17
260,374 260,375 260,376 260,378 260,379
260,435 260,436 260,437 260,438 260,439
260,492 260,493 260,494
261,431 261,432 261,433 261,434 261,435 261,436
261,492 261,493 261,494
262,5 262,6 262,7 262,8
262,370 262,372 262,373 262,374 262,376 262,377 262,378
262,408 262,409 262,410 262,411 262,412
262,427 262,428 262,429 262,430 262,431
262,483 262,484 262,485 262,486 262,487 262,488 262,489 262,490 262,491 262,492
263,376 263,377 263,378
263,425 263,426 263,427 263,428
263,488 263,489 263,490
264,233 264,234 264,235
264,368 264,370 264,371 264,372
264,376 264,377 264,378 264,379 264,380 264,381 264,382 264,383
264,407 264,408 264,409 264,410 264,411 264,412 264,413
264,420 264,421 264,422 264,423 264,424 264,425
264,473 264,474 264,475 264,476 264,477 264,478 264,479 264,480 264,481 264,482 264,484 264,485 264,486 264,487 264,488 264,489
265,419 265,420 265,421
265,483 265,484 265,485
266,92 266,93 266,94 266,95 266,96 266,97 266,98 266,99 266,100 266,101 266,102 266,103 266,104 266,105 266,106 266,107 266,108 266,109 266,110 266,111 266,112 266,113 266,114 266,115 266,116 266,117 266,118 266,119 266,120 266,121 266,122 266,123 266,124 266,125 266,126 266,127 266,128 266,129 266,130 266,131 266,132
266,368 266,369 266,370
266,404 266,405 266,406
266,413 266,414 266,415 266,416 266,417 266,418 266,419 266,420
266,463 266,464 266,465 266,466 266,467 266,468 266,469 266,470 266,471 266,472
266,479 266,480 266,481 266,482 266,483 266,484
267,130 267,131 267,132 267,133
267,139 267,140 267,141
267,412 267,413 267,414
267,478 267,479 267,480
268,94 268,95 268,96 268,97 268,98 268,99 268,100 268,101 268,102 268,103 268,104 268,105 268,106 268,107 268,108 268,109 268,110 268,111 268,112 268,113 268,114 268,115 268,116 268,117 268,118 268,119 268,120 268,121 268,122 268,123 268,124 268,125 268,126 268,127 268,128 268,129 268,130 268,131 268,132 268,133
268,137 268,138 268,139 268,140 268,141 268,142 268,143 268,144 268,145
268,407 268,408 268,409 268,410 268,411 268,412
268,453 268,454 268,455 268,456 268,457 268,458 268,459 268,460 268,461 268,462
268,474 268,475 268,476 268,477 268,478
269,128 269,129 269,130 269,132
269,141 269,142 269,144
269,154 269,157 269,158 269,161 269,163 269,165 269,166
269,402 269,403 269,404 269,405 269,406 269,407 269,408
269,449 269,450 269,451 269,452 269,453
269,457 269,458 269,459 269,460 269,461 269,462 269,463 269,464 269,465
269,471 269,472 269,473 269,474 269,475
270,144 270,145 270,146 270,148
270,154 270,155 270,156 270,157
270,445 270,446 270,447 270,448
270,456 270,457 270,458 270,459 270,460 270,461 270,462 270,463 270,464
271,138 271,139 271,140 271,141 271,144 271,145 271,146 271,147 271,148
271,154 271,155 271,156
271,161 271,163 271,165
271,261 271,262 271,263 271,264 271,265 271,266 271,267 271,268 271,269
271,289 271,291 271,292 271,293 271,294 271,295 271,296 271,297 271,298 271,299 271,300 271,301 271,302 271,303 271,304 271,305 271,306 271,307 271,308 271,309 271,310 271,311 271,312 271,313 271,314 271,315 271,316
271,393 271,394 271,395 271,396 271,397 271,398 271,399 271,400 271,401 271,402
271,440 271,441 271,442 271,443 271,444 271,445
271,450 271,451 271,452 271,453 271,454 271,455 271,456 271,457 271,458 271,459 271,460 271,461 271,462 271,463 271,466 271,467 271,468 271,469 271,470
272,436 272,437 272,438 272,439
272,448 272,449 272,450 272,451 272,452 272,453 272,456 272,457 272,458 272,459
273,383 273,384 273,385 273,386 273,387 273,388 273,389 273,390 273,391 273,392 273,393
273,429 273,430 273,431 273,432 273,433 273,434 273,435 273,436
273,441 273,442 273,443 273,444 273,445 273,446 273,447 273,448 273,449 273,450 273,451 273,452 273,453 273,454 273,455 273,456 273,457 273,458 273,461 273,462 273,463 273,464 273,465 273,466
274,426 274,427 274,428
274,440 274,441 274,442 274,443 274,444
274,451 274,452 274,453 274,454
275,373 275,374 275,375 275,376 275,377 275,378 275,379 275,380 275,381 275,382
275,420 275,421 275,422 275,423 275,424 275,425 275,426
275,432 275,433 275,434 275,435 275,436 275,437 275,438 275,439 275,440 275,441 275,442
275,447 275,448 275,449 275,450 275,451 275,452 275,453 275,456 275,457 275,458 275,459 275,460 275,461
276,416 276,417 276,418 276,419
276,431 276,432 276,433 276,434 276,435 276,436
276,446 276,447 276,448 276,449
277,312 277,313 277,314 277,315 277,318 277,319 277,320 277,321
277,362 277,363 277,364 277,365 277,366 277,367 277,368 277,369 277,370 277,371 277,372 277,373
277,412 277,413 277,414 277,415 277,416
277,423 277,424 277,425 277,426 277,427 277,428 277,429 277,430 277,431 277,432 277,433
277,442 277,443 277,444 277,445 277,446 277,447 277,448 277,451 277,452 277,453 277,454 277,455
278,41 278,42 278,43
278,406 278,407 278,408 278,409 278,410 278,411
278,422 278,423 278,424 278,425 278,426 278,427 278,428
278,441 278,442 278,443 278,444
278,450 278,451 278,452
279,36 279,37 279,39 279,40 279,41
279,309 279,310 279,311 279,312
279,352 279,353 279,354 279,355 279,356 279,357 279,358 279,359 279,360 279,361
279,403 279,404 279,405 279,406
279,414 279,415 279,416 279,417 279,418 279,419 279,420 279,421 279,422 279,423 279,424
279,437 279,438 279,439 279,440 279,441 279,442
279,446 279,447 279,448 279,449 279,450 279,451
280,36 280,37 280,38 280,39 280,40
280,308 280,309 280,310
280,397 280,398 280,399 280,400 280,401 280,402
280,412 280,413 280,414 280,415 280,416 280,417 280,418 280,419
280,436 280,437 280,438 280,439 280,440
281,5 281,6 281,7 281,8 281,9 281,10 281,11
281,36 281,37 281,38 281,39
281,84 281,85 281,86
281,305 281,306 281,307 281,308
281,393 281,394 281,395 281,396 281,397
281,405 281,406 281,407 281,408 281,409 281,410 281,411 281,412 281,413 281,414 281,415
281,432 281,433 281,434 281,435 281,436 281,437 281,438
281,442 281,443 281,444 281,445
282,387 282,388 282,389 282,390 282,391 282,392
282,404 282,405 282,406 282,407 282,408 282,409 282,410
282,431 282,432 282,433 282,434
282,441 282,442 282,443
283,11 283,12 283,13 283,14 283,15 283,16 283,17
283,67 283,68 283,69
283,75 283,76 283,77 283,78 283,79 283,80
283,92 283,93 283,94 283,95 283,96 283,97 283,98 283,99
283,302 283,303 283,304 283,305
283,383 283,384 283,385 283,386 283,387
283,398 283,399 283,400 283,401 283,402 283,403 283,404 283,405 283,406 283,407
283,427 283,428 283,429 283,430 283,431 283,432 283,433
283,437 283,438 283,439 283,440 283,441 283,442
284,301 284,302 284,303
284,351 284,352 284,353 284,354 284,355 284,356 284,357 284,358 284,359 284,360 284,361 284,362 284,363 284,364 284,365 284,366 284,367 284,368 284,369 284,370 284,371 284,372 284,373 284,374 284,375 284,376 284,377 284,378 284,379 284,380 284,381 284,382
284,396 284,397 284,398 284,399 284,400 284,401
284,426 284,427 284,428 284,429
285,17 285,18 285,19 285,20 285,21 285,22
285,69 285,70 285,71 285,72 285,73
285,91 285,94 285,95 285,96 285,97 285,98 285,99 285,100 285,101 285,102 285,103 285,104 285,105 285,106
285,299 285,300 285,301 285,302
285,316 285,317 285,318
285,389 285,390 285,391 285,392 285,393 285,394 285,395 285,396 285,397 285,398
285,422 285,423 285,424 285,425 285,426 285,427 285,428
285,433 285,434 285,435 285,436 285,437
286,98 286,99 286,100
286,388 286,389 286,390 286,391 286,392
286,422 286,423 286,424
286,432 286,433 286,434
287,23 287,24 287,25 287,26 287,27 287,28
287,61 287,62 287,63
287,80 287,81 287,82 287,83 287,84
287,100 287,101 287,102 287,103 287,104 287,105 287,106 287,107 287,108 287,109
287,295 287,296 287,297 287,298 287,299
287,311 287,312 287,314 287,315
287,356 287,357 287,358 287,359 287,360 287,361 287,362 287,363 287,364 287,365 287,366 287,367 287,368 287,369
287,380 287,381 287,382 287,383 287,384 287,385 287,386 287,387 287,388 287,389 287,390
287,417 287,418 287,419 287,420 287,421 287,422 287,423
287,428 287,429 287,430 287,431 287,432 287,433
288,27 288,28 288,29 288,31 288,32
288,376 288,379 288,380 288,381 288,382 288,383 288,384
288,416 288,417 288,418 288,419
289,29 289,30 289,31 289,32
289,55 289,56 289,57 289,58 289,59 289,60 289,61 289,63 289,64 289,65 289,66 289,67
289,75 289,76 289,77 289,78 289,79 289,80
289,108 289,109 289,110 289,111 289,112 289,113 289,114 289,115 289,116
289,291 289,292 289,293 289,294 289,295
289,308 289,309 289,310 289,311 289,312
289,331 289,332 289,333 289,334 289,335 289,336 289,337 289,338 289,339 289,340 289,341 289,342 289,343 289,344 289,345 289,346 289,347 289,348 289,349 289,350 289,351 289,352
289,366 289,367 289,368 289,369 289,370 289,371 289,372 289,373 289,374 289,375 289,376 289,377 289,378 289,379 289,380 289,381
289,412 289,413 289,414 289,415 289,416 289,417 289,418
289,423 289,424 289,425 289,426 289,427 289,428
290,61 290,62 290,63
290,75 290,76 290,77
290,291 290,292 290,293
290,411 290,412 290,413 290,414 290,415
290,422 290,423 290,424
291,49 291,50 291,51 291,52 291,53 291,54 291,55 291,56 291,57 291,58 291,59 291,60 291,61
291,71 291,72 291,73 291,74 291,75 291,76
291,116 291,117 291,118 291,119 291,120
291,142 291,143 291,144 291,145 291,146 291,147 291,148 291,149 291,150 291,151 291,152 291,153 291,154 291,155
291,159 291,160 291,161 291,163 291,165 291,166 291,167 291,168 291,169
291,289 291,290 291,291
291,305 291,306 291,307 291,308 291,309
291,360 291,361 291,362 291,363 291,364 291,365 291,366 291,367 291,368 291,369 291,370 291,371 291,372 291,373 291,376
291,407 291,408 291,409 291,410 291,411 291,412 291,413
291,417 291,418 291,419 291,420 291,421 291,422
292,47 292,48 292,49 292,50
292,55 292,56 292,57
292,71 292,72 292,73
292,287 292,288 292,289
292,304 292,305 292,307
292,360 292,361 292,362
292,370 292,371 292,372
292,406 292,407 292,408 292,409 292,410
293,40 293,41 293,42 293,43 293,44 293,45 293,46 293,47 293,48 293,49 293,50 293,51 293,52 293,53 293,54 293,55
293,66 293,67 293,68 293,69 293,70 293,71
293,130 293,132 293,133 293,134
293,285 293,286 293,287 293,288
293,301 293,302 293,303 293,305 293,306
293,314 293,315 293,316
293,355 293,356 293,357 293,358 293,359 293,360 293,361
293,365 293,366 293,367 293,368 293,369 293,370 293,371
293,402 293,403 293,404 293,405 293,406 293,407 293,408
293,412 293,413 293,414 293,415 293,416
294,38 294,39 294,40 294,41 294,43
294,47 294,48 294,49 294,50 294,51
294,65 294,66 294,67 294,68 294,69
294,285 294,286 294,287
294,354 294,355 294,356 294,357 294,358
294,364 294,365 294,366 294,367 294,368 294,369
294,401 294,402 294,403 294,404 294,405
295,36 295,37 295,38 295,39 295,40 295,41 295,42 295,43 295,44 295,45 295,47
295,62 295,63 295,64 295,65 295,66 295,67
295,281 295,282 295,283 295,284 295,285
295,298 295,299 295,301 295,302 295,303
295,350 295,351 295,352 295,353 295,354 295,355 295,356 295,358 295,359 295,360 295,361 295,362 295,363 295,364 295,365 295,366
295,397 295,398 295,399 295,400 295,401 295,402 295,403
295,408 295,409 295,410 295,411 295,412
296,61 296,62 296,63 296,66
296,281 296,282 296,283
296,297 296,298 296,300 296,301
296,349 296,350 296,351 296,352
296,357 296,358 296,359 296,360 296,361 296,362
296,396 296,397 296,398 296,399 296,400
297,57 297,58 297,59 297,60 297,61 297,62 297,63 297,64 297,65
297,75 297,76 297,77 297,78 297,79 297,80 297,81 297,82 297,83
297,279 297,280 297,281
297,295 297,296 297,297 297,298 297,299 297,300 297,301
297,308 297,309 297,310
297,324 297,325 297,326
297,347 297,348 297,349 297,350
297,355 297,356 297,357 297,358 297,359 297,360 297,361
297,393 297,394 297,395 297,396 297,397 297,398
297,404 297,405 297,406 297,407 297,408
298,27 298,28 298,29
298,57 298,58 298,59 298,61 298,62
298,295 298,298 298,299
298,348 298,349 298,350
298,356 298,357 298,358 298,359 298,360 298,361 298,362
298,392 298,393 298,394 298,395
299,22 299,23 299,24 299,25 299,26 299,27 299,28 299,29 299,30 299,31 299,32 299,33 299,34 299,35 299,36 299,37 299,38 299,39 299,40 299,41 299,42 299,43 299,44 299,45 299,46 299,47 299,48 299,49 299,50 299,51 299,52 299,53 299,54 299,55 299,56 299,57 299,58 299,59 299,60 299,61
299,70 299,71 299,72 299,73 299,74 299,75 299,76 299,78 299,80 299,81 299,82 299,83
299,292 299,293 299,294 299,295 299,297 299,298
299,320 299,321 299,322
299,348 299,349 299,350 299,351 299,352
299,358 299,359 299,360 299,361 299,362 299,363
299,388 299,389 299,390 299,391 299,392 299,393 299,394
299,399 299,400 299,401 299,402 299,403 299,404
300,57 300,58 300,59
300,69 300,70 300,71
300,76 300,77 300,78 300,80 300,81 300,82
300,291 300,292 300,295 300,296 300,297
300,351 300,352 300,353
300,359 300,360 300,361 300,362
300,387 300,388 300,389 300,390
301,53 301,54 301,55 301,56 301,57 301,58
301,68 301,69 301,70
301,75 301,76 301,77 301,78 301,80 301,81 301,83 301,84 301,85 301,86 301,87
301,288 301,289 301,290 301,291 301,292 301,294 301,295
301,301 301,302 301,303 301,304 301,305 301,306 301,307 301,308 301,309 301,310 301,311 301,312 301,313
301,317 301,318 301,319 301,320
301,348 301,349 301,350 301,351 301,352 301,353 301,356 301,357 301,358 301,359 301,360 301,361
301,383 301,384 301,385 301,386 301,387 301,388 301,389
301,394 301,395 301,396 301,397 301,398 301,399
302,52 302,53 302,54
302,67 302,68 302,69
302,75 302,76 302,77 302,79 302,80 302,82 302,83
302,287 302,288 302,289 302,292 302,293
302,348 302,349 302,350
302,355 302,356 302,357 302,358
302,382 302,383 302,384 302,385
303,48 303,49 303,50 303,51 303,52 303,53
303,66 303,67 303,68 303,69
303,73 303,74 303,75 303,76 303,78 303,79 303,80 303,81 303,82 303,83
303,88 303,89 303,90 303,91
303,285 303,286 303,287
303,297 303,298 303,299 303,300 303,301
303,344 303,345 303,346 303,347 303,348 303,349 303,352 303,353 303,354 303,355 303,356
303,378 303,379 303,380 303,381 303,382 303,383 303,384
303,389 303,390 303,391 303,392 303,393
304,46 304,47 304,48 304,49 304,50 304,51
304,65 304,66 304,67
304,73 304,74 304,75 304,78 304,79 304,81 304,82
304,283 304,284 304,285
304,289 304,290 304,291
304,296 304,297 304,298 304,299
304,342 304,343 304,344 304,345 304,346
304,350 304,351 304,352 304,353 304,354
304,375 304,376 304,377 304,378 304,379 304,380
304,387 304,388 304,389
305,44 305,45 305,46 305,47
305,63 305,64 305,65
305,71 305,72 305,73 305,74 305,77 305,78 305,79 305,80 305,81
305,177 305,178 305,179 305,180 305,181 305,182 305,183 305,184 305,185 305,186 305,187 305,188 305,189 305,190 305,191 305,192 305,193 305,194 305,195 305,196 305,197 305,198 305,199 305,200 305,201 305,202 305,203 305,204 305,205 305,206 305,207 305,208 305,209 305,211
305,281 305,282 305,283 305,284 305,285 305,288 305,289
305,294 305,295 305,296 305,297
305,336 305,337 305,338 305,339 305,340 305,341 305,342 305,343 305,344 305,347 305,348 305,349 305,350 305,351 305,352
305,372 305,373 305,374 305,375 305,376 305,377
305,384 305,385 305,386 305,387
306,43 306,44 306,45
306,61 306,62 306,63 306,64 306,65
306,69 306,70 306,71 306,72 306,73
306,77 306,78 306,80 306,81
306,280 306,281 306,282
306,293 306,294 306,295 306,296
306,332 306,333 306,334 306,335 306,336 306,337 306,338 306,339 306,340 306,341 306,344 306,345 306,346 306,347 306,348 306,349 306,350
306,370 306,371 306,372 306,373 306,374 306,375
306,382 306,383 306,384
307,41 307,42 307,43
307,60 307,61 307,62 307,63
307,67 307,68 307,69 307,70 307,71
307,76 307,77 307,78 307,79 307,80
307,278 307,279 307,280
307,291 307,292 307,293 307,294
307,324 307,325 307,326 307,327 307,328 307,329 307,330 307,331 307,332 307,333 307,334 307,335 307,336 307,337 307,338 307,339 307,340 307,341 307,342 307,343 307,344 307,345 307,346 307,347
307,367 307,368 307,369 307,370 307,371 307,372
307,379 307,380 307,381 307,382
308,36 308,38 308,39 308,40 308,41 308,42 308,43
308,59 308,60 308,61
308,66 308,67 308,68 308,69
308,75 308,76 308,77 308,78 308,79
308,276 308,277 308,278
308,283 308,284 308,285
308,289 308,290 308,291 308,292 308,293
308,316 308,317 308,318 308,319 308,320 308,321 308,322 308,323 308,324 308,325 308,326 308,327 308,328 308,329 308,330 308,331 308,332 308,333 308,334 308,335 308,336 308,337 308,338 308,339 308,340 308,341 308,342 308,343 308,344 308,345
308,365 308,366 308,367 308,368 308,369 308,370
308,377 308,378 308,379 308,380
309,35 309,37 309,38
309,57 309,58 309,59 309,60
309,64 309,65 309,66 309,67
309,75 309,76 309,78 309,79
309,177 309,178 309,179
309,288 309,289 309,290 309,291
309,314 309,315 309,316 309,317 309,318 309,319 309,320 309,321 309,322 309,323 309,324 309,325 309,326 309,327 309,328 309,329 309,330 309,331 309,332 309,333 309,334 309,335 309,336 309,337 309,338
309,363 309,364 309,365 309,366 309,367 309,368
309,375 309,376 309,377
310,56 310,57 310,58 310,59
310,63 310,64 310,65 310,66
310,75 310,76 310,77 310,78
310,286 310,287 310,288 310,289
310,314 310,315 310,316 310,317 310,318 310,319 310,320 310,321 310,322 310,323 310,324 310,325 310,326 310,327 310,328 310,329 310,330 310,331
310,360 310,361 310,362 310,363 310,364 310,365
310,372 310,373 310,374 310,375 310,376
311,35 311,36 311,37
311,55 311,56 311,57
311,62 311,63 311,64 311,65
311,74 311,75 311,76 311,77
311,169 311,170 311,171
311,207 311,208 311,209
311,222 311,223 311,224 311,225
311,279 311,280 311,281
311,285 311,286 311,287
311,314 311,315 311,316 311,317 311,318 311,319 311,320 311,321 311,322
311,358 311,359 311,360 311,361 311,362 311,363
311,370 311,371 311,372
312,35 312,36 312,37
312,55 312,56 312,57
312,63 312,64 312,65 312,66
312,73 312,74 312,75 312,76
312,271 312,272 312,273
312,283 312,284 312,285 312,286
312,355 312,356 312,357 312,358 312,359 312,360
312,367 312,368 312,369 312,370
313,35 313,36 313,37
313,55 313,56 313,57
313,63 313,64 313,65 313,66 313,67
313,73 313,74 313,75 313,76
313,159 313,160 313,161
313,221 313,224 313,225
313,271 313,272 313,273 313,276 313,277
313,282 313,283 313,284 313,285
313,316 313,317 313,318 313,319 313,320 313,321 313,322 313,323 313,324 313,325 313,326 313,327 313,328 313,329 313,330 313,331 313,332 313,333 313,334 313,335 313,336 313,337 313,338 313,339 313,340 313,341 313,342 313,343 313,344 313,345 313,346 313,347 313,348 313,349 313,350 313,351 313,352 313,353 313,354 313,355 313,356 313,357 313,358
313,365 313,366 313,367
314,57 314,58 314,59
314,65 314,66 314,67
314,72 314,73 314,75
314,220 314,221 314,224
314,269 314,270 314,271
314,281 314,282 314,283 314,284 314,285 314,286 314,287 314,288 314,289 314,290 314,291 314,292 314,293 314,294 314,295 314,296 314,297 314,298 314,299 314,300 314,301 314,302 314,303 314,304 314,305 314,306 314,307 314,308 314,309 314,310 314,311 314,312 314,313 314,314 314,315 314,316 314,317 314,318 314,319 314,320 314,321 314,322 314,323 314,324 314,325 314,326 314,327 314,328 314,329 314,330 314,331 314,332 314,333 314,334 314,335 314,336 314,337 314,338 314,339 314,340 314,341 314,342 314,343 314,344 314,345 314,346 314,347 314,348 314,349 314,350 314,351 314,352 314,353 314,354 314,355
314,362 314,363 314,364 314,365
315,57 315,58 315,59
315,65 315,66 315,67
315,71 315,72 315,73 315,74 315,75
315,130 315,131 315,132
315,148 315,149 315,150 315,151 315,152 315,153
315,205 315,206 315,207
315,219 315,220 315,221 315,224
315,269 315,270 315,271 315,273 315,274 315,275
315,282 315,283 315,284 315,285 315,286 315,287 315,288 315,289 315,290 315,291 315,292 315,293 315,294 315,295 315,296 315,297 315,298 315,299 315,300 315,301 315,302 315,303 315,304 315,305 315,306 315,307 315,308 315,309 315,310 315,311 315,312 315,313 315,314 315,315 315,316 315,317 315,318 315,319 315,320 315,321 315,322 315,323 315,324 315,325 315,326 315,327 315,328 315,329 315,330 315,331 315,332
315,360 315,361 315,362 315,363
316,65 316,66 316,67
316,71 316,72 316,73 316,74
316,129 316,130 316,131
316,144 316,145 316,146 316,147 316,148
316,219 316,220 316,223
316,268 316,269 316,272 316,273
316,358 316,359 316,360
317,34 317,36 317,37 317,38 317,39 317,41
317,57 317,58 317,59
317,63 317,64 317,65
317,70 317,71 317,73
317,128 317,129 317,130
317,218 317,219 317,222 317,223 317,225
317,266 317,267 317,268 317,269 317,271
317,348 317,349 317,350 317,351 317,352 317,353 317,354 317,355 317,356 317,357 317,358
318,34 318,35 318,36 318,37 318,38 318,39
318,57 318,58 318,59 318,62 318,63 318,64 318,65
318,69 318,70 318,71 318,72 318,73
318,203 318,204 318,205
318,217 318,218 318,219 318,222
318,265 318,266 318,269 318,270 318,271 318,272 318,273 318,274 318,275 318,276 318,277 318,278 318,279 318,280 318,281 318,282 318,283 318,284 318,285 318,286 318,287 318,288 318,289 318,290 318,291 318,292 318,293 318,294 318,295 318,296 318,297 318,298 318,299 318,300 318,301 318,302 318,303 318,304 318,305 318,306 318,307 318,308 318,309 318,310 318,311 318,312 318,313 318,314 318,315 318,316 318,317 318,318 318,319 318,320 318,321 318,322 318,323 318,324 318,325 318,326 318,327 318,328 318,329 318,330 318,331 318,332 318,333 318,334 318,335 318,336 318,337 318,338 318,339 318,340 318,341 318,342 318,343 318,344 318,345 318,346 318,347 318,348
319,34 319,35 319,36
319,55 319,56 319,57
319,61 319,62 319,63
319,69 319,70 319,71
320,34 320,35 320,36
320,55 320,56 320,57 320,60 320,61 320,62 320,63
320,126 320,127 320,128
320,216 320,217 320,220 320,221 320,223
320,263 320,264 320,265
321,34 321,35 321,36
321,53 321,54 321,55
321,59 321,60 321,61
321,68 321,69 321,71
321,125 321,126 321,127
321,165 321,166 321,167
321,262 321,263 321,264
322,34 322,35 322,36
322,52 322,53 322,54 322,55 322,58 322,59 322,60
322,67 322,68 322,69 322,70 322,71
322,124 322,125 322,126
322,201 322,202 322,203
322,215 322,216 322,219
322,261 322,262 322,263
323,33 323,34 323,35 323,36
323,51 323,52 323,53
323,57 323,58 323,59
323,67 323,68 323,69 323,70 323,71
323,123 323,124 323,125
323,155 323,156 323,157 323,158 323,159
323,253 323,254 323,255
324,33 324,34 324,35
324,50 324,51 324,52 324,53 324,55 324,56 324,57 324,58
324,66 324,67 324,69
324,214 324,215 324,218 324,219 324,221
324,259 324,260 324,261
325,33 325,34 325,35
325,49 325,50 325,51
325,55 325,56 325,57
325,65 325,66 325,67 325,68 325,69
325,199 325,200 325,201
325,213 325,214 325,217 325,220 325,221
325,249 325,251 325,252 325,253
325,259 325,260 325,261
326,33 326,34 326,35
326,49 326,50 326,51 326,53 326,54 326,55
326,65 326,66 326,67 326,68 326,69
326,199 326,200 326,201
326,217 326,219 326,220
326,257 326,258 326,259
327,33 327,34 327,35
327,47 327,48 327,49 327,52 327,53 327,54 327,55
327,64 327,65 327,67
327,120 327,121 327,122
327,137 327,138 327,139 327,140
327,212 327,213 327,216 327,217 327,219
327,247 327,249 327,250 327,251
327,257 327,258 327,259
328,33 328,34 328,35
328,47 328,48 328,49 328,51 328,52 328,53
328,63 328,64 328,65 328,66 328,67
328,119 328,120 328,121
328,211 328,212 328,213 328,215
328,255 328,256 328,257
329,32 329,33 329,34
329,45 329,46 329,47 329,48 329,50 329,51 329,52 329,53
329,63 329,64 329,65 329,66 329,67
329,118 329,119 329,120
329,131 329,132 329,133 329,134 329,135 329,138 329,139 329,140
329,197 329,198 329,199
329,215 329,217 329,218
329,245 329,247 329,248 329,249
329,254 329,255 329,256
330,32 330,33 330,34
330,43 330,44 330,45 330,46 330,47 330,49 330,50 330,51
330,62 330,63 330,65 330,66
330,129 330,130 330,131
330,210 330,211 330,214 330,215 330,217
331,32 331,33 331,34
331,43 331,44 331,45 331,46 331,47 331,48 331,49 331,50 331,51
331,61 331,62 331,63 331,64 331,65
331,127 331,128 331,129 331,132 331,133 331,134
331,209 331,210 331,211 331,214 331,217
331,243 331,245 331,246 331,247
332,32 332,33 332,34
332,42 332,43 332,44 332,45 332,46 332,47 332,48 332,49
332,61 332,62 332,63 332,64
332,195 332,196 332,197
332,209 332,210 332,213 332,215 332,216
332,251 332,252 332,253
333,32 333,33 333,34
333,42 333,43 333,44 333,45 333,46 333,47
333,60 333,61 333,62 333,63
333,115 333,116 333,117
333,124 333,125 333,126 333,128 333,129 333,130
333,195 333,196 333,197
333,208 333,209 333,212 333,213 333,215
333,241 333,243 333,244 333,245
334,32 334,33 334,34
334,43 334,44 334,45
334,59 334,60 334,61 334,63
334,114 334,115 334,116
334,207 334,208 334,209 334,212 334,215
334,241 334,242 334,243
335,32 335,33 335,34
335,59 335,60 335,61 335,62 335,63
335,113 335,114 335,115
335,122 335,123 335,124 335,126
335,207 335,208 335,211 335,213 335,214 335,215
335,239 335,240 335,241 335,242 335,243
336,32 336,33 336,34
336,59 336,60 336,61 336,62
336,193 336,194 336,195
336,206 336,207 336,210 336,211 336,213
336,237 336,239 336,240 336,241
336,247 336,248 336,249
337,31 337,32 337,33
337,58 337,59 337,61
337,205 337,206 337,207 337,210 337,213
337,237 337,238 337,239 337,240 337,241
338,31 338,32 338,33
338,57 338,58 338,59 338,60 338,61
338,205 338,206 338,209 338,212
338,237 338,238 338,239
339,31 339,32 339,33 339,36 339,37 339,38 339,39 339,40 339,41 339,42 339,43 339,44 339,45 339,46 339,47 339,48 339,49 339,50 339,51 339,52 339,53 339,54 339,55 339,56 339,57 339,58 339,59 339,60 339,61
339,110 339,111 339,112
339,191 339,192 339,193
339,203 339,204 339,205 339,208 339,209 339,211 339,212
339,235 339,236 339,237 339,238
339,243 339,244 339,245
340,31 340,32 340,33 340,34 340,35 340,36 340,37 340,38 340,39 340,40 340,41 340,42 340,43 340,44 340,45 340,46 340,47 340,48 340,49 340,50 340,51 340,52 340,53 340,54 340,55 340,56 340,57 340,59
340,109 340,110 340,111
340,191 340,192 340,193
340,235 340,236 340,237
341,31 341,33 341,34 341,35 341,36 341,37 341,38 341,39 341,40 341,41 341,42 341,43 341,44 341,45 341,46 341,47 341,48 341,49 341,50 341,51 341,52 341,53 341,54 341,55 341,56 341,57 341,58 341,59
341,108 341,109 341,110
341,207 341,208 341,209 341,210 341,211
341,233 341,234 341,235 341,236
341,241 341,242 341,243
342,51 342,52 342,53 342,54 342,55 342,56 342,57
342,207 342,209 342,210
342,233 342,234 342,235
343,31 343,32 343,33 343,34 343,35 343,36 343,37 343,38 343,39 343,40 343,41 343,42 343,43 343,44 343,45 343,46 343,47 343,48 343,49 343,50 343,51
343,106 343,107 343,108
343,189 343,190 343,191
343,201 343,202 343,203 343,206 343,207 343,208 343,209
343,231 343,232 343,233 343,234
343,239 343,240 343,241
344,206 344,208 344,209
345,105 345,106 345,107
345,201 345,204 345,205 345,207 345,208
345,229 345,230 345,231 345,232
345,237 345,238 345,239
346,200 346,201 346,204 346,207
347,103 347,104 347,105
347,187 347,188 347,189
347,199 347,200 347,203 347,204 347,205 347,206 347,207
347,227 347,228 347,229
347,235 347,236 347,237
348,225 348,227 348,228
349,101 349,102 349,103
349,197 349,198 349,199 349,202 349,203 349,205
349,224 349,225 349,226 349,227
349,233 349,234 349,235
351,185 351,186 351,187
351,195 351,196 351,197
351,201 351,203 351,204
351,223 351,224 351,225
351,231 351,232 351,233
352,222 352,223 352,224
353,98 353,99 353,100
353,183 353,184 353,185
353,199 353,200 353,201 353,203
353,213 353,215 353,216 353,217 353,218 353,219 353,220 353,221 353,222 353,223
353,229 353,230 353,231
354,183 354,184 354,185
355,183 355,184 355,185
355,193 355,194 355,195 355,198 355,199
355,227 355,228 355,229
356,198 356,199 356,200 356,201 356,202 356,203 356,204 356,205 356,206 356,207 356,208 356,209 356,210 356,211 356,212 356,213 356,214 356,215 356,216 356,217 356,218 356,219 356,220 356,221 356,222 356,223 356,224 356,225 356,226 356,227
357,181 357,182 357,183
359,191 359,192 359,193
360,108 360,110 360,111 360,112 360,113 360,114 360,115 360,116 360,117 360,118
361,103 361,104 361,105 361,106 361,107 361,108 361,109 361,110 361,111 361,112 361,113 361,114 361,115 361,116 361,117 361,118
361,122 361,123 361,124 361,125 361,126 361,127 361,128 361,129 361,130 361,131 361,132 361,133 361,134 361,135 361,136 361,137 361,138 361,139 361,140 361,141 361,142 361,143 361,144 361,145 361,146 361,147 361,148 361,149 361,150 361,151 361,152 361,153 361,154 361,155 361,156 361,157 361,158
361,179 361,180 361,181
361,191 361,192 361,193 361,194 361,195 361,196 361,197 361,198 361,199 361,200 361,201 361,202 361,203 361,204 361,205 361,206 361,207 361,208 361,209 361,210 361,211 361,212 361,213 361,214 361,215 361,216 361,217 361,218 361,219 361,220 361,221
362,173 362,175 362,176 362,177 362,178 362,179 362,180
363,82 363,83 363,84 363,85 363,86 363,87
363,175 363,176 363,177 363,178 363,179
363,221 363,222 363,223 363,224 363,225 363,226 363,227 363,228 363,229 363,230 363,231
365,74 365,75 365,76 365,77 365,78 365,79 365,80 365,81
365,217 365,218 365,219 365,220 365,221
365,231 365,232 365,233 365,234 365,235 365,236 365,237 365,238 365,239
366,215 366,216 366,217
367,65 367,66 367,67 367,68 367,69 367,70 367,71 367,72 367,73
367,213 367,214 367,215 367,216 367,217
367,229 367,230 367,231
368,211 368,212 368,213
368,231 368,232 368,233
369,56 369,57 369,58 369,59 369,60 369,61 369,62 369,63 369,64 369,65
369,153 369,154 369,155 369,156 369,157 369,158 369,159 369,161
369,208 369,209 369,210 369,211 369,212 369,213
369,231 369,232 369,233 369,234 369,237 369,238 369,239
370,233 370,234 370,237
371,47 371,48 371,49 371,50 371,51 371,52 371,53 371,54 371,55
371,184 371,185 371,186 371,187 371,188 371,189 371,190 371,191 371,192 371,193 371,194 371,195 371,196 371,197 371,198 371,199 371,200 371,201 371,203 371,204 371,205 371,206 371,207
371,212 371,213 371,214 371,215 371,216 371,217
371,233 371,234 371,237
372,233 372,234 372,237
373,152 373,153 373,154
373,207 373,208 373,209 373,210 373,211 373,212
374,207 374,208 374,209
374,233 374,236 374,237
375,55 375,56 375,57
375,159 375,160 375,161 375,162 375,163 375,164 375,165
375,187 375,189 375,190 375,191 375,192 375,193 375,194 375,195 375,196 375,197 375,200 375,201
375,205 375,206 375,207 375,208
375,231 375,232 375,233 375,235 375,236 375,237
376,57 376,58 376,59
376,199 376,200 376,203 376,204 376,205 376,206
376,231 376,232 376,235
377,203 377,204 377,205
378,202 378,203 378,204
378,230 378,231 378,233 378,234 378,235
379,201 379,202 379,203
379,229 379,230 379,231 379,233 379,234
380,195 380,196 380,197
380,201 380,202 380,203
380,229 380,230 380,231 380,233
382,195 382,196 382,199 382,200 382,201
382,228 382,229 382,232 382,233
383,227 383,228 383,229 383,231 383,232
384,193 384,194 384,195 384,197 384,198 384,199
384,227 384,228 384,231 384,232
385,197 385,198 385,199
386,191 386,192 386,193 386,196 386,197 386,198
386,225 386,226 386,227 386,229 386,230 386,231
387,191 387,192 387,193 387,195 387,196 387,197
387,225 387,226 387,229 387,230
388,59 388,60 388,61
388,191 388,192 388,195 388,196 388,197
388,225 388,226 388,229
390,189 390,190 390,191
390,223 390,224 390,225 390,227 390,228 390,229
391,223 391,224 391,227
392,189 392,190 392,193 392,194 392,195
392,222 392,223 392,224 392,226 392,227
393,221 393,222 393,223 393,225 393,226 393,227
394,221 394,222 394,225 394,226
396,106 396,107 396,108 396,109 396,110 396,111 396,112 396,113 396,114
396,187 396,188 396,189
396,219 396,220 396,221 396,223 396,224 396,225
397,219 397,220 397,223 397,224
398,187 398,188 398,191 398,192 398,193
398,217 398,218 398,219 398,222 398,223 398,224
399,46 399,47 399,48
399,217 399,218 399,219 399,221 399,222
400,214 400,215 400,216 400,217 400,220 400,221
401,213 401,214 401,215
402,49 402,50 402,51
402,193 402,194 402,195
402,209 402,210 402,211 402,212 402,213 402,215 402,216 402,217 402,218 402,219
403,209 403,210 403,211
404,51 404,52 404,53
404,195 404,196 404,197
404,207 404,208 404,209 404,211 404,212 404,213 404,214 404,215
405,211 405,212 405,213
406,53 406,54 406,55 406,56 406,57 406,58 406,59 406,60 406,61 406,62 406,63
406,179 406,180 406,181
406,185 406,186 406,187 406,188 406,189 406,190 406,191
406,206 406,207 406,208 406,209 406,210 406,211
407,189 407,190 407,191
408,63 408,64 408,65 408,66 408,67 408,68 408,69 408,70 408,71 408,72 408,73
408,191 408,192 408,193 408,194 408,195 408,196 408,197
408,201 408,202 408,203 408,204 408,205 408,206
409,195 409,196 409,197
410,73 410,74 410,75 410,76 410,77 410,78 410,79 410,80 410,81 410,82 410,83
410,153 410,154 410,155 410,156 410,157 410,158 410,159
410,191 410,192 410,193 410,194 410,195 410,196 410,197 410,198 410,199 410,200 410,201
411,88 411,89 411,90 411,91 411,92
411,185 411,186 411,187 411,188 411,189 411,190 411,191
412,84 412,85 412,88 412,91 412,92 412,93 412,94 412,95 412,96 412,97 412,98 412,99
412,174 412,175 412,176 412,177 412,178 412,179 412,180 412,181 412,182 412,183 412,184 412,185
413,95 413,96 413,97 413,98 413,99 413,100 413,101 413,102
413,168 413,169 413,170 413,171 413,172 413,173 413,174
414,101 414,102 414,103 414,104 414,105 414,106 414,107 414,108 414,111 414,112 414,113 414,114 414,115 414,116 414,117 414,118 414,119 414,120 414,121 414,122 414,123 414,124 414,125 414,126 414,127 414,128 414,129 414,130 414,131 414,132 414,133 414,134 414,135 414,136 414,137 414,138 414,139
414,143 414,144 414,145 414,146 414,147 414,148 414,149 414,150 414,151 414,152 414,153 414,154 414,155 414,156 414,157 414,158 414,159 414,160 414,161 414,162 414,163 414,164 414,165 414,166 414,167 414,168
415,85 415,87 415,88
415,104 415,105 415,106 415,107 415,108 415,109 415,110 415,111 415,112 415,113 415,114 415,115 415,116 415,117 415,118 415,119 415,120 415,121 415,122 415,123 415,124 415,125 415,126 415,127 415,128 415,129 415,130 415,131 415,132 415,133 415,134 415,135 415,136 415,137 415,138 415,139 415,142 415,143 415,144 415,145 415,146 415,147 415,148 415,149 415,150 415,151 415,152 415,153 415,154 415,155 415,156 415,157 415,158 415,159 415,160 415,161 415,162 415,163 415,164 415,165
416,85 416,87 416,88
416,154 416,155 416,156 416,157
417,85 417,87 417,88
418,84 418,87 418,88
419,84 419,87 419,88
419,159 419,160 419,161
420,84 420,87 420,88
420,155 420,156 420,157 420,158 420,159 420,160
421,153 421,154 421,155 421,156 421,157 421,158 421,159
422,151 422,152 422,153 422,154 422,155 422,156 422,157 422,158 422,159
423,84 423,86 423,87
423,150 423,151 423,152
424,84 424,86 424,87
424,149 424,150 424,151
425,84 425,86 425,87
425,149 425,150 425,151
426,83 426,86 426,87
426,148 426,149 426,150
427,83 427,86 427,87
427,147 427,148 427,149
428,83 428,86 428,87
428,147 428,148 428,149
429,83 429,86 429,87
429,146 429,147 429,148
430,83 430,85 430,86
430,146 430,147 430,148
431,83 431,85 431,86
431,145 431,146 431,147
432,83 432,85 432,86
433,83 433,85 433,86
433,144 433,145 433,146
434,83 434,85 434,86
434,140 434,143 434,144 434,145
435,83 435,85 435,86
435,143 435,144 435,145
436,83 436,85 436,86
436,142 436,143 436,144
437,83 437,85 437,86
437,142 437,143 437,144
438,83 438,85 438,86
438,141 438,142 438,143
439,82 439,84 439,85 439,86
440,82 440,84 440,85 440,86
440,140 440,141 440,142
441,82 441,84 441,85
441,139 441,140 441,141
442,82 442,84 442,85
442,139 442,140 442,141
443,82 443,84 443,85
443,138 443,139 443,140
444,82 444,84 444,85
444,138 444,139 444,140
445,82 445,84 445,85
445,137 445,138 445,139
446,81 446,84 446,85
446,136 446,137 446,138 446,139
447,81 447,84 447,85
447,136 447,137 447,138
448,81 448,83 448,84 448,85
448,113 448,114 448,115 448,118 448,119 448,120
448,135 448,136 448,137 448,138
449,81 449,83 449,84 449,85
449,135 449,136 449,137
450,81 450,83 450,84
450,134 450,135 450,136
450,140 450,141 450,142
451,81 451,83 451,84
451,134 451,135 451,136
452,81 452,83 452,84
452,133 452,134 452,135
453,81 453,83 453,84
454,81 454,83 454,84
454,132 454,133 454,134
455,81 455,83 455,84
456,81 456,82 456,83 456,84
456,131 456,132 456,133
457,81 457,82 457,83 457,84
457,130 457,131 457,132
458,80 458,81 458,82 458,83
458,129 458,130 458,131 458,132
458,136 458,137 458,138
459,80 459,82 459,83
459,129 459,130 459,131
460,80 460,82 460,83
460,128 460,129 460,130 460,131
461,80 461,82 461,83
461,128 461,129 461,130
462,80 462,82 462,83
462,127 462,128 462,129 462,130
463,80 463,82 463,83
463,127 463,128 463,129
464,80 464,82 464,83
464,126 464,127 464,128
464,132 464,133 464,134
465,80 465,82 465,83
465,126 465,127 465,128
466,79 466,80 466,82 466,83
466,125 466,126 466,127 466,128 466,131 466,132
467,79 467,82 467,83
468,79 468,81 468,82 468,83
468,124 468,125 468,126
469,79 469,81 469,82
469,124 469,125 469,126
470,79 470,81 470,82
470,123 470,124 470,125
470,129 470,130 470,131
471,79 471,81 471,82
472,79 472,81 472,82
472,122 472,123 472,124
473,79 473,81 473,82
474,79 474,80 474,81 474,82
474,120 474,121 474,122 474,123
475,79 475,80 475,81 475,82
475,120 475,121 475,122
476,79 476,80 476,81
476,119 476,120 476,121 476,122
477,79 477,80 477,81
477,119 477,120 477,121
478,78 478,79 478,80 478,81
478,118 478,119 478,120 478,121
479,78 479,80 479,81
479,118 479,119 479,120
480,78 480,80 480,81
480,117 480,118 480,119 480,120 480,123 480,124 480,125
481,78 481,80 481,81
481,117 481,118 481,119
482,78 482,80 482,81
482,116 482,117 482,118 482,119 482,122 482,123
483,78 483,80 483,81
483,112 483,115 483,116 483,117 483,118
484,78 484,80 484,81
484,112 484,115 484,116 484,117
485,78 485,80 485,81
485,115 485,116 485,117 485,118 485,120 485,121
486,78 486,79 486,80 486,81
486,116 486,117 486,118 486,120 486,121
487,77 487,78 487,79 487,80 487,81
487,106 487,107 487,108 487,109 487,110 487,111
487,115 487,116 487,117 487,118 487,119 487,120 487,121
488,77 488,79 488,80 488,81
488,104 488,105 488,106 488,107 488,108 488,109 488,110 488,111 488,112
488,117 488,118 488,119
489,77 489,79 489,80 489,81 489,82
489,91 489,92 489,93 489,94 489,95 489,96 489,97 489,98 489,99 489,100 489,101 489,102 489,103 489,104 489,105 489,106 489,107
489,112 489,113 489,114 489,115 489,118 489,119
490,77 490,80 490,81 490,82 490,83
490,90 490,91 490,92 490,93 490,94 490,95 490,96
490,114 490,115 490,116 490,118 490,119
491,77 491,80 491,82 491,83 491,84 491,85 491,86 491,87 491,88 491,89 491,90 491,91 491,92 491,93 491,94 491,95 491,96 491,97 491,98 491,99 491,100 491,101 491,102
491,110 491,111 491,112 491,113 491,114 491,115 491,116 491,117 491,118
492,92 492,93 492,94 492,95
493,77 493,78 493,79 493,82 493,83 493,84 493,85 493,86 493,87 493,88
493,95 493,96 493,97 493,98 493,99 493,100 493,101 493,102 493,103 493,104 493,105 493,106 493,107 493,108 493,109 493,110
494,77 494,78 494,81 494,82
495,77 495,78 495,80 495,81 495,82 495,83 495,84 495,85 495,86 495,87 495,88 495,89 495,90 495,91 495,92 495,93 495,94 495,95
496,77 496,79 496,80
497,77 497,78 497,79 497,80
