1,19 1,20 1,21 1,22
2,0 2,1 2,2 2,3
2,15 2,16 2,17 2,18 2,19 2,20 2,21 2,22 2,23 2,24 2,25 2,26 2,27 2,28 2,29 2,30 2,31
3,0 3,1 3,2 3,3
3,9 3,10 3,11 3,12 3,13 3,14 3,15 3,16 3,17 3,18 3,19 3,20 3,21 3,22 3,23 3,24 3,25 3,26 3,27 3,28 3,29 3,30 3,31 3,32 3,33 3,34 3,35 3,36 3,37 3,38 3,39 3,40 3,41 3,42 3,43 3,44 3,45 3,46 3,47 3,48 3,49 3,50 3,51 3,52 3,53 3,54 3,55 3,56 3,57 3,58 3,59 3,60 3,61 3,62 3,63 3,64 3,65 3,66 3,67 3,68 3,69 3,70 3,71 3,72 3,73 3,74 3,75 3,76 3,77 3,78 3,79 3,80 3,81 3,82 3,83 3,84 3,85 3,86 3,87 3,88 3,89 3,90 3,91 3,92 3,93 3,94 3,95 3,96 3,97 3,98 3,99 3,100 3,101 3,102 3,103 3,104 3,105 3,106 3,107 3,108 3,109 3,110 3,111 3,112 3,113 3,114 3,115 3,116 3,117 3,118 3,119 3,120 3,121 3,122 3,123 3,124 3,125 3,126 3,127
4,0 4,1 4,2 4,3 4,4 4,5 4,6 4,7 4,8 4,9 4,10 4,11 4,12 4,13 4,14 4,15 4,16 4,17 4,18 4,19 4,20 4,21 4,22 4,23 4,24 4,25 4,26 4,27 4,28 4,29 4,30 4,31 4,32 4,33 4,34 4,35 4,36 4,37 4,38 4,39 4,40 4,41 4,42 4,43 4,44 4,45 4,46 4,47 4,48 4,49 4,50 4,51 4,52 4,53 4,54 4,55 4,56 4,57 4,58 4,59 4,60 4,61 4,62 4,63 4,64 4,65 4,66 4,67 4,68 4,69 4,70 4,71 4,72 4,73 4,74 4,75 4,76 4,77 4,78 4,79 4,80 4,81 4,82 4,83 4,84 4,85 4,86 4,87 4,88 4,89 4,90 4,91 4,92 4,93 4,94 4,95 4,96 4,97 4,98 4,99 4,100 4,101 4,102 4,103 4,104 4,105 4,106 4,107 4,108 4,109 4,110 4,111 4,112 4,113 4,114 4,115 4,116 4,117 4,118 4,119 4,120 4,121 4,122 4,123 4,124 4,125 4,126 4,127 4,128 4,129
5,0 5,1 5,2 5,3 5,4 5,5 5,6 5,7 5,8 5,9 5,10 5,11 5,12 5,13 5,14 5,15 5,16 5,17 5,18 5,19 5,20 5,21 5,22 5,23 5,24 5,25 5,26 5,27 5,28 5,29 5,30 5,31 5,32 5,33 5,34 5,35 5,36 5,37 5,38 5,39 5,40 5,41 5,42 5,43 5,44 5,45 5,46 5,47 5,48 5,49 5,50 5,51 5,52 5,53 5,54 5,55 5,56 5,57 5,58 5,59 5,60 5,61 5,62 5,63 5,64 5,65 5,66 5,67 5,68 5,69 5,70 5,71 5,72 5,73 5,74 5,75 5,76 5,77 5,78 5,79 5,80 5,81 5,82 5,83 5,84 5,85 5,86 5,87 5,88 5,89 5,90 5,91 5,92 5,93 5,94 5,95 5,96 5,97 5,98 5,99 5,100 5,101 5,102 5,103 5,104 5,105 5,106 5,107 5,108 5,109 5,110 5,111 5,112 5,113 5,114 5,115 5,116 5,117 5,118 5,119 5,120 5,121 5,122 5,123 5,124 5,125 5,126 5,127 5,128 5,129 5,130 5,131
6,0 6,1 6,2 6,3 6,4 6,5 6,6 6,7 6,8 6,9 6,10 6,11 6,12 6,13 6,14 6,15 6,16 6,17 6,18 6,21 6,22 6,24
6,28 6,30 6,31 6,32 6,33 6,34 6,35
6,46 6,47 6,48 6,49 6,50 6,51 6,52 6,53 6,54 6,55 6,56 6,57
6,61 6,63 6,64 6,65 6,66 6,67 6,68 6,69 6,70 6,71 6,72 6,73 6,74 6,75 6,76 6,77 6,78 6,79 6,80 6,81 6,82 6,83 6,84 6,85 6,86 6,87 6,88 6,89 6,90 6,91 6,92 6,93 6,94 6,95 6,96 6,97 6,98 6,99 6,100 6,101 6,102 6,103 6,104 6,105 6,106 6,107 6,108 6,109 6,110 6,111 6,112 6,113 6,114 6,115 6,116 6,117 6,118 6,119 6,120 6,121 6,122 6,123 6,124 6,125 6,126 6,127 6,128 6,129 6,130 6,131 6,132 6,133 6,134 6,135 6,136 6,137 6,138 6,139 6,140 6,141 6,142 6,143 6,144 6,145 6,146 6,147 6,148 6,149 6,150 6,151 6,152 6,153
7,0 7,1 7,2 7,3 7,4 7,5 7,6 7,7 7,8 7,9 7,10 7,11 7,12 7,13 7,14 7,15
7,81 7,82 7,83 7,84 7,85 7,87 7,88 7,89
7,98 7,99 7,102 7,103
7,112 7,113 7,114
7,119 7,120 7,121 7,122 7,123 7,124 7,125 7,126 7,127 7,128 7,129 7,130 7,131 7,132 7,133 7,134 7,135 7,136 7,137 7,138 7,139 7,140 7,141 7,142 7,143 7,144 7,145 7,146 7,147 7,148 7,149 7,150 7,151 7,152 7,153 7,154 7,155 7,156 7,157 7,158 7,159 7,160 7,161
8,0 8,1 8,2 8,3 8,4 8,5 8,6 8,7 8,8 8,9 8,10 8,11 8,12 8,13 8,14 8,15
8,37 8,38 8,39 8,40
8,115 8,116 8,117 8,118
8,122 8,123 8,124 8,125 8,126 8,127 8,128 8,129 8,130 8,131 8,132 8,133 8,134 8,135 8,136 8,137 8,138 8,139 8,140 8,141 8,142 8,143 8,144 8,145 8,146 8,147 8,148 8,149 8,150 8,151 8,152 8,153 8,154 8,155 8,156 8,157 8,158 8,159 8,160 8,161 8,162 8,163 8,164 8,165
9,0 9,1 9,2 9,3 9,4 9,5 9,6 9,7 9,8 9,9 9,10 9,11 9,12 9,13 9,14 9,15 9,16
9,128 9,130 9,132 9,133 9,134 9,135 9,136 9,137 9,138 9,139 9,140 9,141 9,142 9,143 9,144 9,145 9,146 9,147 9,148 9,149 9,150 9,151 9,152 9,153 9,154 9,155 9,156 9,157 9,158 9,159 9,160 9,161 9,162 9,163 9,164 9,165 9,166 9,167 9,168 9,169
10,0 10,1 10,2 10,3 10,6 10,7 10,8 10,9 10,10 10,11 10,12 10,13 10,14 10,15 10,16 10,17
10,45 10,48 10,49 10,50 10,51 10,52 10,53 10,54 10,55 10,56 10,57
10,73 10,74 10,75 10,76 10,77 10,78 10,79 10,80 10,81 10,83
10,122 10,123 10,124 10,125 10,126 10,127 10,128 10,129 10,130
10,134 10,135 10,136
10,146 10,147 10,148 10,149 10,150 10,151 10,152 10,153 10,154 10,155 10,156 10,157 10,158 10,159 10,160 10,161 10,162 10,163 10,164 10,165 10,166 10,167 10,168 10,169 10,170 10,171 10,172 10,173 10,174 10,175 10,176 10,177 10,178
11,0 11,1 11,2 11,3 11,4 11,5 11,6 11,7 11,8 11,9 11,10 11,11 11,12 11,13 11,14 11,15 11,16 11,17 11,18 11,19 11,20 11,21 11,22 11,23 11,24 11,25 11,26 11,27 11,28 11,29 11,30 11,31 11,32 11,33 11,34 11,35 11,36 11,37 11,38 11,39 11,40 11,41 11,42 11,43 11,44 11,45 11,46 11,47 11,48 11,49 11,50 11,51 11,52 11,53 11,54 11,55 11,56 11,57 11,58 11,59 11,60 11,61 11,62 11,63 11,64 11,65 11,66 11,67 11,68 11,69 11,70 11,71 11,72 11,73 11,74 11,75 11,76 11,77 11,78 11,79 11,80 11,81 11,82 11,83 11,84 11,85 11,86 11,87 11,88 11,89 11,90 11,91 11,92 11,93 11,94 11,95 11,96 11,97 11,98 11,99 11,100 11,101 11,102 11,103 11,104 11,105 11,106 11,107 11,108 11,109 11,110 11,111 11,112 11,113 11,114 11,115 11,116 11,117 11,118 11,119 11,120 11,121 11,122 11,123 11,124 11,125 11,126 11,127 11,128 11,129 11,130 11,131 11,133 11,135 11,137 11,138
11,147 11,148 11,151 11,152 11,153 11,154 11,155 11,156
11,171 11,172 11,173 11,174 11,175 11,176 11,177 11,178 11,179 11,180 11,181 11,182 11,183 11,184 11,185 11,186 11,187 11,188
12,0 12,1 12,2 12,3 12,4 12,5 12,6 12,7 12,8 12,9 12,10 12,11 12,12 12,13 12,14 12,15 12,16 12,17 12,18 12,19 12,20 12,21 12,22 12,23 12,24 12,25 12,26 12,27 12,28 12,29 12,30 12,31 12,32 12,33 12,34 12,35 12,36 12,37 12,38 12,39 12,40 12,41 12,42 12,43 12,44 12,45 12,46 12,47 12,48 12,49 12,50 12,51 12,52 12,53 12,54 12,55 12,56 12,57 12,58 12,59 12,60 12,61 12,62 12,63 12,64 12,65 12,66 12,67 12,68 12,69 12,70 12,71 12,72 12,73 12,74 12,75 12,76 12,77 12,78 12,79 12,80 12,81 12,82 12,83 12,84 12,85 12,86 12,87 12,88 12,89 12,90 12,91 12,92 12,93 12,94 12,95 12,96 12,97 12,98 12,99 12,100 12,101 12,102 12,103 12,104 12,105 12,106
12,122 12,124 12,125 12,126 12,127 12,128 12,129 12,130 12,131 12,132 12,133 12,134 12,135 12,136 12,137 12,138 12,139 12,140 12,141 12,142 12,143 12,144 12,145 12,146 12,147 12,148 12,149 12,150 12,151 12,152 12,153 12,154 12,155 12,156 12,157 12,158 12,159 12,160 12,161 12,162 12,163
12,175 12,176 12,178 12,179 12,180 12,181 12,182 12,183 12,184 12,185 12,186 12,187 12,188 12,189 12,190 12,191
13,0 13,1 13,2 13,3 13,4 13,5 13,6 13,7 13,8 13,9 13,10 13,11 13,12 13,13 13,14 13,15 13,16 13,17 13,18 13,19 13,20 13,21 13,22 13,23 13,24 13,25 13,26 13,27 13,28 13,29 13,30 13,31 13,32 13,33 13,34 13,35 13,36 13,37 13,38 13,39 13,40 13,41 13,42 13,43 13,44 13,45 13,46 13,47 13,48 13,49 13,50 13,51 13,52 13,53 13,54 13,55 13,56 13,57 13,58 13,59 13,60 13,61 13,62 13,63 13,64 13,65 13,66 13,67 13,68 13,69 13,70 13,71 13,72 13,73 13,74 13,75 13,76 13,77 13,78 13,79 13,80 13,81 13,82 13,83 13,84 13,85 13,86 13,87 13,88 13,89 13,90 13,91 13,92 13,93 13,94 13,95 13,96 13,97 13,98 13,99 13,100 13,101 13,102 13,103 13,104 13,105 13,106 13,107 13,108 13,109 13,110 13,111 13,112 13,113 13,114 13,115 13,116 13,117 13,118 13,119 13,120 13,121 13,122 13,123 13,124 13,125 13,126 13,127 13,128 13,129 13,130 13,131 13,132 13,133 13,134 13,135 13,136 13,137 13,138 13,139 13,140 13,141 13,142 13,143 13,144 13,145 13,146 13,147 13,148 13,149 13,150 13,151 13,152 13,153 13,154 13,155 13,156 13,157 13,158 13,159 13,160 13,161 13,162 13,163 13,164 13,165 13,166 13,167 13,168 13,169 13,170 13,171 13,172 13,173 13,174 13,175 13,176 13,177 13,178 13,179 13,180 13,181 13,182 13,183 13,184 13,185 13,186 13,187 13,188 13,189 13,190 13,191 13,192 13,193 13,194
14,0 14,1 14,2 14,3 14,4 14,5 14,6 14,7 14,8 14,9 14,10 14,11 14,13 14,14
14,65 14,67 14,68 14,69 14,70 14,71 14,72 14,73 14,75 14,77 14,79 14,81 14,82 14,83 14,84 14,85 14,86 14,87 14,88 14,89 14,90 14,91 14,92 14,93 14,94 14,95 14,96 14,97 14,98 14,99 14,100 14,101 14,102 14,103 14,104 14,105 14,106 14,107 14,108 14,109 14,110 14,111 14,112 14,113 14,114 14,115 14,116 14,117 14,118 14,119 14,120 14,121 14,122 14,124 14,125 14,126 14,127 14,128 14,129 14,130 14,131 14,132 14,133 14,134 14,135 14,136 14,137 14,138 14,139 14,140 14,141 14,142 14,143 14,144 14,145 14,146 14,147 14,148 14,149 14,150 14,151 14,152 14,153 14,154 14,155 14,156 14,157 14,158 14,159 14,160 14,161 14,162 14,163 14,164 14,165 14,166 14,167 14,168 14,169 14,170 14,171 14,172 14,173 14,174 14,175 14,176 14,177 14,178 14,179 14,180 14,181 14,182 14,183 14,184 14,185 14,186 14,187 14,188 14,189 14,190 14,191 14,192 14,193 14,194 14,195 14,196 14,197
15,0 15,1 15,2 15,3 15,4 15,5 15,6 15,7 15,8 15,9 15,10 15,11 15,12 15,13 15,14 15,15 15,16
15,57 15,59 15,61 15,62 15,63 15,64 15,65 15,66 15,67
15,122 15,123 15,124 15,125 15,126 15,127 15,128 15,129 15,130 15,131 15,132 15,133 15,134 15,135 15,136 15,137 15,138 15,139 15,140 15,141 15,142 15,143 15,144 15,145 15,146 15,147 15,148 15,149 15,150 15,151 15,152 15,153 15,154 15,155 15,156 15,157 15,158 15,159 15,160 15,161 15,162 15,163 15,164 15,165 15,166 15,167 15,168 15,169 15,170 15,171 15,172 15,173 15,174 15,175 15,176 15,177 15,178 15,179 15,180 15,181 15,182 15,183 15,184 15,185 15,186 15,187 15,188 15,189 15,190 15,191 15,192 15,193 15,194 15,195 15,196 15,197 15,198
16,0 16,1 16,2 16,3 16,4 16,5 16,6 16,7 16,8 16,9 16,10 16,11 16,12 16,13 16,14 16,15 16,16
16,24 16,25 16,26 16,27 16,28 16,31
16,57 16,59 16,60 16,61 16,62 16,63 16,64 16,65
16,122 16,123 16,124 16,125 16,126 16,127 16,128 16,129 16,130 16,131 16,132 16,133 16,134 16,135 16,136 16,138
16,143 16,144 16,146 16,147 16,148 16,149 16,150 16,151 16,152 16,153 16,154 16,155 16,156 16,157 16,158 16,159 16,160 16,161 16,162 16,163 16,164 16,165 16,166 16,167 16,168 16,169 16,170 16,171 16,172 16,173 16,174 16,175 16,176 16,177 16,178 16,179 16,180 16,181 16,182 16,183 16,184 16,185 16,186 16,187 16,188 16,189 16,190 16,191 16,192 16,193 16,194 16,195 16,196 16,197 16,198
17,0 17,1 17,2 17,3 17,4 17,5 17,6 17,7 17,8 17,9 17,10 17,11 17,12 17,13 17,15 17,16
17,64 17,65 17,66 17,67 17,68 17,69 17,70
17,82 17,83 17,85 17,86
17,90 17,92 17,94 17,95 17,96 17,97 17,98 17,99 17,100 17,101 17,102 17,103 17,104 17,105 17,106 17,107 17,108 17,109 17,110 17,111 17,112 17,113 17,114 17,115 17,116 17,117 17,118 17,119 17,120 17,121 17,122 17,123 17,124 17,125 17,126 17,127 17,128 17,129 17,130 17,131 17,132 17,133 17,134 17,135 17,136 17,137 17,138 17,139 17,140 17,141 17,142 17,143 17,144 17,145 17,146 17,147 17,148 17,149 17,150 17,151 17,152 17,153 17,154 17,155 17,156 17,157 17,158 17,159 17,160 17,161 17,162 17,163 17,164 17,165 17,166 17,167 17,168 17,169 17,170 17,171 17,172 17,173 17,174 17,175 17,176 17,177 17,178 17,179 17,180 17,181 17,182 17,183 17,184 17,185 17,186 17,187 17,188 17,189 17,190 17,191 17,192 17,193 17,194 17,195 17,196 17,197 17,198
18,0 18,1 18,2 18,3 18,4 18,5 18,6 18,7 18,8 18,9 18,10 18,11 18,12 18,13 18,14 18,15 18,16
18,60 18,63 18,64 18,65 18,66 18,67 18,68 18,69 18,72 18,75 18,76 18,77 18,78 18,79 18,80 18,81 18,82 18,83 18,84 18,85 18,86 18,87 18,88 18,89 18,90 18,91 18,92 18,93 18,94 18,95 18,96 18,97 18,98 18,99 18,100 18,101 18,102 18,103 18,104 18,105 18,106 18,107 18,108 18,109 18,110 18,111 18,112 18,113 18,114 18,115 18,116 18,117 18,118 18,119 18,120 18,121 18,122 18,123 18,124 18,125 18,126 18,127 18,128 18,129 18,130 18,131 18,132 18,133 18,134 18,135 18,136 18,137 18,138 18,139 18,140 18,141 18,142 18,143 18,144 18,145 18,146 18,147 18,148 18,149 18,150 18,151 18,152 18,153 18,154 18,155 18,156 18,157 18,158 18,159 18,160 18,161 18,162 18,163 18,164 18,165 18,166 18,167 18,168 18,169 18,170 18,171 18,172 18,173 18,174 18,175 18,176 18,177 18,178 18,179 18,180 18,181 18,182 18,183 18,184 18,185 18,186 18,187 18,189 18,190 18,191 18,192 18,193 18,194 18,195 18,196 18,197 18,198
19,0 19,1 19,2 19,3 19,4 19,5 19,6 19,7 19,8 19,9 19,10 19,11 19,12 19,13 19,14 19,15 19,16 19,17 19,19 19,20
19,24 19,25 19,26 19,27 19,28 19,29 19,30 19,31 19,32 19,33 19,35 19,37 19,39 19,40 19,41 19,42 19,43 19,44 19,45 19,46 19,47 19,48 19,49 19,50 19,51 19,52 19,53 19,54 19,55 19,56 19,57 19,58 19,59 19,60 19,61 19,62 19,63 19,64 19,65 19,66 19,67 19,68 19,69 19,70 19,71 19,72 19,73
19,79 19,80 19,81 19,82 19,83 19,84 19,85 19,86 19,87 19,88 19,89 19,90 19,91 19,92 19,93 19,94 19,95 19,96 19,97 19,98 19,99 19,100 19,101 19,102 19,103 19,104 19,105 19,106 19,107 19,108 19,109 19,110 19,111 19,112 19,113 19,114 19,115 19,116 19,117 19,118 19,119 19,120 19,121 19,122 19,123 19,124 19,125 19,126 19,127 19,128 19,129 19,130 19,131 19,132 19,133 19,134 19,135 19,136 19,137 19,138 19,139 19,140 19,141 19,142 19,143 19,144 19,145 19,146 19,147 19,148 19,149 19,150 19,151 19,152 19,153 19,154 19,155 19,156 19,157 19,158 19,159 19,160 19,161 19,162 19,163 19,164 19,165 19,166 19,167 19,168 19,169 19,170
19,183 19,184 19,185 19,186 19,187 19,188 19,189 19,190 19,191 19,192 19,193 19,194 19,195 19,196 19,197 19,198
20,0 20,1 20,2 20,3 20,4 20,5 20,6 20,7 20,8 20,9 20,10 20,11 20,12 20,13 20,14 20,15 20,16 20,17 20,18 20,19 20,20 20,21 20,22 20,23 20,24 20,25 20,26 20,27 20,28 20,29 20,30 20,31 20,32 20,33 20,34 20,35 20,36 20,37 20,38 20,39 20,40 20,41 20,42 20,43 20,44 20,45 20,46 20,47 20,48 20,49 20,50 20,51 20,52 20,53 20,54 20,55 20,56 20,57 20,58 20,59 20,60 20,61 20,62 20,63 20,64 20,65 20,66 20,67 20,68 20,69 20,70 20,71 20,72 20,73 20,74 20,75 20,76 20,77 20,78 20,79 20,80 20,81 20,82 20,83 20,84 20,85 20,86 20,87 20,88 20,89 20,90 20,91 20,92 20,93 20,94 20,95 20,96 20,97 20,98 20,99 20,100 20,101 20,102 20,103 20,104 20,105 20,106 20,107 20,108 20,109 20,110 20,111 20,112 20,113 20,114 20,115 20,116 20,117 20,118 20,119 20,120 20,121 20,122 20,123 20,124 20,125 20,126 20,127 20,128 20,129 20,130
20,153 20,154 20,155 20,157 20,158 20,159 20,160 20,161 20,162 20,163 20,164 20,165 20,166 20,167 20,168 20,169 20,170 20,171 20,172 20,173 20,174 20,175 20,176 20,177 20,178 20,179 20,180 20,181 20,182 20,183 20,184 20,185 20,186 20,187 20,188 20,189 20,190
21,0 21,1 21,2 21,3 21,4 21,5 21,6 21,7 21,8 21,9 21,10 21,11 21,14 21,15 21,16
21,46 21,47 21,48 21,49 21,52 21,53
21,65 21,67 21,69 21,70 21,71 21,73 21,74 21,75 21,76 21,77
21,81 21,82 21,83
21,146 21,147 21,148 21,149 21,150 21,151 21,153 21,154 21,155 21,156 21,157 21,158 21,159 21,160 21,161 21,162 21,163 21,164 21,165 21,166 21,167 21,168 21,169 21,170 21,171 21,172 21,173 21,174 21,175 21,176 21,177 21,178 21,179 21,180 21,181 21,182 21,183 21,184 21,185 21,186 21,187 21,188
22,0 22,1 22,2 22,3 22,4 22,5 22,6 22,7 22,8 22,9 22,10 22,11 22,12 22,13 22,14 22,15 22,16
22,46 22,47 22,48 22,49 22,51 22,54 22,56 22,57 22,59
22,65 22,66 22,67 22,68 22,69 22,70
22,81 22,82 22,83
22,128 22,129 22,130 22,131 22,132 22,133 22,134 22,135 22,136 22,137 22,138 22,139 22,140 22,141 22,142 22,143 22,144 22,145 22,146 22,147 22,148 22,149 22,150 22,151 22,152 22,153 22,154 22,155 22,156 22,157 22,158 22,159 22,160 22,161 22,162 22,163 22,164 22,165 22,166 22,167 22,168 22,169 22,170 22,171 22,172 22,173 22,174 22,175 22,176 22,177 22,178 22,179 22,180 22,181 22,182 22,183 22,184 22,185 22,186
23,0 23,1 23,2 23,3 23,4 23,5 23,6 23,7 23,8 23,9 23,10 23,11 23,12 23,13 23,14 23,15 23,16
23,124 23,125 23,126 23,127 23,128 23,129 23,130 23,131 23,132 23,133 23,134 23,135 23,136 23,137 23,138 23,139 23,140 23,141 23,142 23,143 23,144 23,145 23,146 23,147 23,148 23,149 23,150 23,151 23,152 23,153 23,154 23,155 23,156 23,157 23,158 23,159 23,160 23,161 23,162 23,163 23,164 23,165 23,166 23,167 23,168 23,169 23,170 23,171 23,172 23,173 23,174 23,175 23,176 23,177 23,178 23,179 23,180 23,181 23,182
24,0 24,1 24,2 24,3 24,4 24,5 24,6 24,7 24,8 24,9 24,10 24,11 24,12 24,13 24,14 24,15 24,16
24,121 24,122 24,123 24,124 24,125 24,126 24,127 24,128 24,129 24,130 24,131 24,132 24,133 24,134 24,135 24,136 24,137 24,138 24,139 24,140 24,141 24,142 24,143 24,144 24,145 24,146 24,147 24,148 24,149 24,150 24,151 24,152 24,153 24,154 24,155 24,156 24,157 24,158 24,159 24,160 24,161 24,162 24,163 24,164 24,165 24,166 24,167 24,168 24,169 24,170 24,171 24,172 24,173 24,174 24,175 24,176 24,177
25,0 25,1 25,2 25,3 25,4 25,5 25,6 25,7 25,8 25,9 25,10 25,12 25,13 25,14 25,15
25,30 25,32 25,33
25,70 25,72 25,73
25,81 25,82 25,83 25,84 25,85 25,86 25,87 25,88 25,89 25,90 25,91 25,92 25,93 25,94 25,95 25,96 25,97 25,98 25,99 25,100 25,101 25,102 25,103 25,104 25,105 25,106 25,107 25,108 25,109 25,110 25,111 25,112 25,113 25,114 25,115 25,116 25,117 25,118 25,119 25,120 25,121 25,122 25,123 25,124 25,125 25,126 25,127 25,128 25,129 25,130 25,131 25,132 25,133 25,134 25,135 25,136 25,137 25,138 25,139 25,140 25,141 25,142 25,143 25,144 25,145 25,146 25,147 25,148 25,149 25,150 25,151 25,152 25,153 25,154 25,155 25,156 25,157 25,158 25,159 25,160 25,161 25,162 25,163 25,164 25,165 25,166 25,167 25,168 25,169 25,170 25,171 25,172 25,173
26,0 26,1 26,2 26,3 26,4 26,5 26,6 26,7 26,8 26,9 26,10 26,11 26,12 26,13 26,14 26,15 26,16 26,17 26,18 26,19 26,20 26,21 26,22 26,23 26,24 26,25 26,26 26,27 26,28 26,29 26,30 26,31 26,32 26,33 26,34 26,35 26,36 26,37 26,38 26,39 26,40 26,41 26,42 26,43 26,44 26,45 26,46 26,47 26,48 26,49 26,50 26,51 26,52 26,53 26,54 26,55 26,56 26,57 26,58 26,59 26,60 26,61 26,62 26,63 26,64 26,65 26,66 26,67 26,68 26,69 26,70 26,71 26,72 26,73 26,74 26,75 26,76 26,77 26,78 26,79 26,80 26,81 26,82 26,83 26,84 26,85 26,86 26,87 26,88 26,89 26,90 26,91 26,92 26,93 26,94 26,95 26,96 26,97 26,98 26,99 26,100 26,101 26,102 26,103 26,104 26,105 26,106 26,107 26,108 26,109 26,110 26,111 26,112 26,113 26,114 26,115 26,116 26,117 26,118 26,119 26,120 26,121 26,122 26,123 26,124 26,125 26,126 26,127 26,128 26,129 26,130 26,131 26,132 26,133 26,134 26,135 26,136 26,137 26,138 26,139 26,140 26,141 26,142 26,143 26,144 26,145 26,146 26,147 26,148 26,149 26,150 26,151 26,152 26,153 26,154 26,155 26,156 26,157 26,158 26,159
27,0 27,1 27,2 27,3 27,4 27,5 27,6 27,7 27,8 27,9 27,10 27,11 27,12 27,13 27,14 27,15 27,16 27,17 27,18 27,19 27,20 27,21 27,22 27,23 27,24 27,25 27,26 27,27 27,28 27,29 27,30 27,31 27,32 27,33 27,34 27,35 27,36 27,37 27,38 27,39 27,40 27,41 27,42 27,43 27,44 27,45 27,46 27,47 27,48 27,49 27,50 27,51 27,52 27,53 27,54 27,55 27,56 27,57 27,58 27,59 27,60 27,61 27,62 27,63 27,64 27,65 27,66 27,67 27,68 27,69 27,70 27,71 27,72 27,73 27,74 27,75 27,76 27,77 27,78 27,79 27,80 27,81 27,82 27,83 27,84 27,85 27,86 27,87 27,88 27,89 27,90 27,91 27,92 27,93 27,94 27,95 27,96 27,97 27,98 27,99 27,100 27,101 27,102 27,103 27,104 27,105 27,106 27,107 27,108 27,109 27,110 27,111 27,112 27,113 27,114 27,115 27,116 27,117 27,118 27,119 27,120 27,121 27,122 27,123 27,124 27,125 27,126 27,127 27,128
28,0 28,1 28,2 28,3 28,4 28,5 28,6 28,7 28,8 28,9 28,10 28,11 28,12 28,13 28,14 28,15 28,16 28,17 28,18 28,19 28,20 28,21 28,22 28,23 28,24 28,25 28,26 28,27 28,28 28,29 28,30 28,31 28,32 28,33 28,34 28,35 28,36 28,37 28,38 28,39 28,40 28,41 28,42 28,43 28,44 28,45 28,46 28,47 28,48 28,49 28,50 28,51 28,52 28,53 28,54 28,55 28,56 28,57 28,58 28,59 28,60 28,61 28,62 28,63 28,64 28,65 28,66 28,67 28,68 28,69 28,70 28,71 28,72 28,73 28,74 28,75 28,76 28,77 28,78 28,79 28,80 28,81 28,82 28,83 28,84 28,85 28,86 28,87 28,88 28,89 28,90 28,91 28,92 28,93 28,94 28,95 28,96 28,97 28,98 28,99 28,100 28,101 28,102 28,103 28,104 28,105 28,106 28,107 28,108 28,109 28,110 28,111
29,0 29,1 29,2 29,3 29,4 29,5 29,6 29,7 29,8 29,9 29,10 29,11 29,12 29,13 29,14 29,15 29,16 29,17 29,18 29,19 29,20 29,21 29,22 29,23 29,24 29,25 29,26 29,27 29,28 29,29 29,30 29,31 29,32 29,33 29,34 29,35 29,36 29,37 29,38 29,39 29,40 29,41 29,42 29,43 29,44 29,45 29,46 29,47 29,48 29,49 29,50 29,51 29,52 29,53 29,54 29,55 29,56 29,57 29,58 29,59 29,60 29,61 29,62 29,63 29,64 29,65 29,66 29,67 29,68 29,69 29,70 29,71 29,72 29,73 29,74 29,75 29,76 29,77 29,78 29,79 29,80 29,81 29,82
30,0 30,1 30,2 30,3 30,4 30,5 30,6 30,7 30,8 30,9 30,10 30,11 30,12 30,13 30,14 30,15 30,16 30,17 30,18 30,19 30,20 30,21 30,22 30,23 30,24 30,25 30,26 30,27 30,28 30,29 30,30 30,31 30,32 30,33 30,34 30,35 30,36 30,37 30,38 30,39 30,40 30,41 30,42 30,43 30,44 30,45 30,46 30,47 30,48 30,49 30,50 30,51 30,52 30,53 30,54 30,55 30,56 30,57 30,58 30,59 30,60 30,61 30,62 30,63 30,64 30,65 30,66
31,0 31,1 31,2 31,3 31,4
31,8 31,9 31,10 31,11 31,12 31,13 31,14 31,15 31,16 31,17 31,18 31,19 31,20 31,21
31,30 31,31 31,32 31,33 31,34 31,35 31,36 31,37 31,38 31,39 31,40 31,41 31,42 31,43 31,44 31,45 31,46 31,47 31,48 31,49 31,50
