254,252,232 1,0
254,252,232 1,20 1,20
254,252,232 21,129 21,129 21,129 21,129 21,130
254,252,232 31,0 31,1 31,2
254,252,232 31,41 31,42 31,42
254,247,184 2,0
254,247,184 21,87 21,87 21,88 21,88 21,88 21,88 21,89 21,89 21,89 21,89 21,89 21,89 21,90 21,90 21,90 21,90 21,91 21,91 21,91 21,91 21,91 21,91 21,92 21,92 21,92 21,92 21,93 21,93 21,93 21,93 21,93 21,93 21,94 21,94 21,94 21,94 21,95 21,95 21,95 21,95
254,247,184 21,171 21,171 21,172 21,172 21,172 21,173 21,173
254,247,184 22,79 22,80 22,80 22,80 22,81 22,81 22,81 22,82 22,82 22,82 22,83 22,83 22,83 22,84 22,84 22,85 22,85 22,85 22,86 22,86 22,87 22,87 22,87 22,88 22,88 22,89 22,89 22,89 22,90
254,247,184 23,79 23,79 23,80 23,80 23,80 23,80 23,80 23,80 23,81 23,81 23,81 23,81 23,82 23,82 23,82 23,82 23,83 23,83 23,83 23,83 23,83 23,83 23,84 23,84 23,84 23,84 23,85 23,85 23,85 23,85 23,85 23,85 23,86 23,86 23,86 23,86 23,87 23,87 23,87 23,87 23,87 23,87 23,88 23,88 23,88 23,88 23,89 23,89 23,89 23,89 23,89 23,89 23,90 23,90
254,247,184 23,134 23,135 23,135 23,135 23,136 23,136 23,137
254,247,184 24,81 24,81 24,81 24,82 24,82 24,82 24,82 24,82 24,82 24,83 24,83 24,83 24,83 24,83 24,83 24,83 24,83 24,83 24,84 24,84 24,84 24,84 24,84 24,84 24,85 24,85 24,85 24,85 24,85 24,85 24,85 24,85 24,86 24,86 24,86 24,87 24,87 24,87 24,88 24,88 24,88 24,88 24,89 24,89 24,89 24,89 24,89 24,89 24,89 24,89 24,89 24,90 24,90 24,90 24,90 24,90 24,90 24,91 24,91 24,91 24,91 24,91 24,91 24,91 24,91 24,91 24,92 24,92 24,92 24,92 24,92 24,92 24,93 24,93 24,93 24,93 24,93 24,93 24,93 24,93 24,93 24,94 24,94 24,94 24,94 24,94 24,95 24,95 24,95 24,95 24,96 24,96 24,96 24,96
254,247,184 25,81 25,82 25,82 25,82 25,83 25,83 25,83 25,83 25,83 25,84 25,84 25,85 25,85 25,86 25,87 25,87 25,87 25,88 25,88 25,88 25,89 25,89 25,89 25,89 25,90 25,90 25,91 25,91 25,91 25,92 25,92 25,93 25,93 25,93 25,94
254,247,184 25,123 25,123 25,124 25,124 25,124
156,112,15 5,0
156,112,15 7,7
167,117,24 5,127
167,117,24 7,0
167,117,24 7,146
166,121,25 7,0 7,0 8,0
166,121,25 13,163 13,164 13,164 13,165 13,165
175,132,35 8,0 9,0 9,0 9,0 10,0
175,132,35 13,167 13,167 13,167 13,168 13,168
183,132,43 10,0 11,0 11,0 11,0 12,0
183,132,43 13,169 13,169
183,132,43 15,194
192,133,54 12,0 13,0
192,133,54 17,159 17,159
186,126,44 13,0 13,0
186,126,44 15,161
171,120,26 15,0
168,121,16 15,0 15,0 16,0 16,0
183,133,36 5,7 5,7
183,133,36 15,156 15,156
183,133,36 15,190
183,133,36 17,0
183,133,36 17,156
183,133,36 18,0
193,136,46 15,162 15,164 15,164 15,165
193,136,46 18,0
204,156,56 13,7 13,7
204,156,56 13,154
204,156,56 14,3 15,3
204,156,56 15,167
204,156,56 20,0 20,0
197,152,62 9,168
197,152,62 11,33 11,33 11,33 11,34 11,34 11,35 11,35 11,35 11,36 11,36 11,37 11,37 11,37 11,38 11,38 11,39 11,39 11,41 11,41 11,41 11,42 11,42 11,45 11,45 11,46 11,46 11,46 11,47 11,47 11,48 11,48 11,48
197,152,62 11,69 11,70 11,70 11,70 11,71 11,73 11,74 11,74 11,74 11,75 11,75 11,76 11,76 11,76 11,77
197,152,62 13,172 13,172
197,152,62 20,0 21,0 21,0 22,0 22,0
193,166,77 22,0 23,0
200,178,89 24,0
196,169,81 24,0 25,0 25,0
199,173,69 26,0
214,176,67 17,3 17,3
214,176,67 27,0
232,211,114 25,154
232,211,114 29,0
196,181,121 2,1 2,2
241,197,112 4,36 4,36
241,197,112 5,1
241,197,112 5,112 5,112 5,113 5,113 5,113 5,114 5,114 5,115 5,115 5,115 5,116 5,116
241,197,112 6,1
241,197,112 11,3
246,204,123 5,106 5,106
246,204,123 6,1
246,204,123 11,10
246,204,123 20,11 20,12
246,204,123 21,182
254,216,135 5,11 5,12 5,12 5,13 5,14 5,14 5,15 5,15 5,15 5,16 5,16 5,17 5,17 5,17 5,18 5,18 5,19 5,19 5,20 5,20 5,20 5,21 5,21 5,22 5,22 5,22 5,23 5,23 5,24 5,24 5,24 5,25 5,25 5,26 5,26 5,26 5,27 5,27 5,28 5,28 5,28 5,29 5,29 5,30 5,30 5,30 5,31 5,31 5,32 5,32
254,216,135 5,47 5,47 5,48 5,48 5,48 5,49 5,49
254,216,135 5,53 5,53 5,54 5,54 5,54 5,55 5,55
254,216,135 5,64 5,64 5,65 5,66 5,66 5,67 5,67 5,67 5,68 5,68 5,69 5,69 5,70 5,70 5,70 5,71 5,71 5,72 5,72 5,72 5,73 5,73 5,74 5,74 5,74 5,75 5,75 5,76 5,76 5,76 5,77 5,77 5,78 5,78 5,78 5,79 5,79 5,80 5,80 5,80 5,81 5,81 5,82
254,216,135 6,15 6,17 6,18 6,19 6,19 6,20 6,20 6,20 6,21 6,22 6,22 6,22 6,23 6,23 6,24 6,25 6,25 6,26 6,26 6,26 6,27 6,27 6,28 6,29 6,29 6,30 6,32
254,216,135 6,66
254,216,135 7,1 8,1 9,1
254,216,135 9,16 9,17 9,17 9,17 9,17 9,17 9,17 9,18 9,18 9,18 9,18 9,19 9,19 9,19 9,19 9,20 9,20 9,20 9,20
254,216,135 9,33 9,33 9,33 9,33 9,33 9,33 9,34 9,34 9,34 9,34 9,35 9,35 9,35 9,35 9,35 9,35 9,36 9,36 9,36 9,36 9,37 9,37 9,37 9,37
254,216,135 9,41 9,41 9,41 9,41 9,41 9,41 9,42 9,42 9,42 9,42 9,43 9,43 9,43 9,43
254,216,135 10,1 10,1 10,3 10,4 10,4 10,4 10,5 10,5
254,216,135 10,9 10,10
254,216,135 10,17 10,17 10,17 10,17 10,17 10,18 10,18 10,18 10,18 10,19 10,19 10,19 10,19 10,20 10,20 10,20 10,20 10,20 10,21 10,21 10,22 10,22 10,22 10,23 10,23 10,24 10,24 10,24 10,25 10,25 10,26 10,26 10,26 10,27 10,27 10,28 10,28 10,28 10,29 10,29 10,30 10,30 10,30 10,31 10,33 10,33 10,33 10,34 10,34 10,35 10,35 10,35 10,36 10,36 10,37 10,37
254,216,135 10,41 10,41 10,42 10,42 10,43 10,43
254,216,135 11,5
254,216,135 12,162 12,164 12,164
254,216,135 13,181 13,182 13,183
254,216,135 17,1 18,1
254,216,135 20,9 20,9 20,9
254,225,133 8,1
254,225,133 9,3 9,4 9,4 9,4 9,4 9,5 9,5 9,5 9,5
254,225,133 9,9 9,9
254,225,133 9,15 9,16
254,225,133 10,3 10,4 10,4 10,4 10,5 10,5
254,225,133 10,9
254,225,133 15,128 15,129 15,129 15,129 15,130 15,130 15,130 15,130 15,130 15,131 15,131 15,132
254,225,133 16,129 16,130 16,131 16,132 16,133 16,133 16,134 16,134
254,225,133 17,5 17,5 17,5
254,225,133 17,137 17,137 17,137 17,138 17,138 17,139 17,139 17,139 17,140 17,140 17,141 17,141 17,141 17,142 17,142 17,143 17,143 17,143 17,144 17,144 17,145 17,145 17,146 17,146 17,146 17,147 17,147 17,148 17,148 17,148 17,149 17,149 17,150 17,150 17,150
254,225,133 18,5
254,225,133 19,80 20,79 20,80 20,80 20,80 20,81 20,81 20,82 20,82 20,83 20,83 20,83 20,84 20,84 20,85 20,85 20,85 20,86 20,86 20,87 20,87 20,87 20,88 20,88 20,89
254,225,133 21,11 21,11 21,12 21,12 21,12 21,12 21,13 21,13 21,13 21,13 21,13 21,13 21,14 21,14 21,15 21,15 21,15 21,15 21,15 21,16
254,225,133 25,131 25,131 25,131 25,132 25,132 25,133 25,133 25,133 25,134 25,134 25,135 25,135 25,135 25,136
254,225,133 25,144 25,145
254,225,133 26,5
254,225,133 26,9
254,225,133 27,1
254,225,133 27,5
254,225,133 27,9 27,10 27,10 27,13 27,13 27,13 27,14 27,14
254,225,133 28,3
254,225,133 28,49 28,50
254,225,133 28,54 28,56
254,225,133 28,60 28,61 28,61 28,61 28,62 28,62
254,225,133 28,74 28,75 28,76 28,77
254,225,133 29,49 29,49 29,50 29,50 29,50 29,51 29,51 29,52 29,52 29,52 29,53 29,53 29,54 29,54 29,54 29,56 29,56 29,57 29,58 29,58 29,59 29,59 29,59 29,60 29,60 29,61 29,61 29,61 29,62 29,62 29,63 29,63 29,63 29,64 29,64 29,65
254,225,133 29,71 29,72 29,72 29,72 29,73 29,73 29,74 29,74 29,74 29,75 29,75 29,76 29,76 29,76 29,77 29,78 29,78 29,79
254,204,134 11,1 12,1 12,1 13,1 13,1 13,1 14,1
253,214,123 5,82 5,83 5,83 5,83 5,84 5,84 5,85 5,85 5,85 5,86 5,86 5,87 5,87 5,87 5,88 5,88 5,89 5,89 5,89 5,90 5,90 5,91 5,91 5,91 5,92 5,92 5,93 5,93 5,93 5,94 5,94 5,95 5,95 5,96 5,96 5,96 5,97 5,97 5,98 5,98 5,98 5,99 5,99 5,100 5,100 5,100 5,101 5,101
253,214,123 11,5 11,5
253,214,123 11,9 11,10
253,214,123 12,5
253,214,123 12,9
253,214,123 13,5 13,5
253,214,123 13,82 13,83 13,83 13,83 13,84 13,84 13,85 13,85 13,85 13,86 13,86 13,87 13,87 13,87 13,88 13,88 13,89 13,89 13,89 13,90 13,90 13,91 13,91 13,91 13,92 13,92 13,93 13,93 13,93 13,94 13,94 13,95 13,95 13,96 13,96 13,96 13,97 13,97 13,98 13,98 13,98 13,99 13,99 13,100 13,100 13,100 13,101 13,101 13,102 13,102 13,102 13,103 13,103 13,104 13,104 13,104 13,105 13,105 13,106 13,106 13,107 13,107 13,107 13,108 13,108 13,109 13,109 13,109 13,110 13,110 13,111 13,111 13,111 13,112 13,112 13,113 13,113 13,113
253,214,123 13,180 13,180 13,180
253,214,123 14,1
253,214,123 14,5
253,214,123 15,1 15,1 15,1
253,214,123 15,133 15,133 15,134 15,134 15,134 15,134 16,133 16,133 16,134
253,214,123 17,9 17,9 17,10 17,10 17,10 17,11
253,214,123 17,152 17,152 17,152
253,214,123 18,1
253,214,123 19,74 19,74 19,74 19,75
253,214,123 20,73 20,74 20,74 20,74 20,75
253,214,123 28,31 28,32 28,32 28,33 28,33 28,34 28,36 28,37 28,37 28,38 28,38 28,41 28,41 28,42 28,42 28,43
253,214,123 29,31 29,32 29,32 29,33 29,33 29,33 29,34 29,34 29,35 29,35 29,35 29,36 29,36 29,37 29,37 29,37 29,38 29,38 29,39 29,39 29,39 29,40 29,40 29,41 29,41 29,41 29,42 29,42 29,43 29,43 29,43 29,44 29,44 29,45 29,45 29,46 29,46 29,46 29,47 29,47
254,216,142 5,33 5,33 5,33 5,34 5,34 5,35 5,35 5,35 5,36 5,36 5,37 5,37 5,37 5,38 5,38 5,39 5,39 5,39 5,40 5,40 5,41 5,41 5,41 5,42 5,42 5,43 5,43 5,43 5,44 5,44 5,45 5,45 5,46 5,46 5,46
254,216,142 5,50 5,50 5,50 5,51 5,51 5,52 5,52 5,52
254,216,142 5,56 5,56 5,57 5,57 5,57 5,58 5,58 5,59 5,59 5,59 5,60 5,60 5,61 5,61 5,61 5,62 5,62 5,63 5,63 5,63 5,65 5,65
254,216,142 6,13
254,216,142 6,35 6,35 6,36 6,36 6,37 6,37 6,37 6,38 6,38 6,39 6,39 6,39 6,40 6,40 6,41 6,41 6,41 6,42 6,42 6,43 6,43 6,43 6,44 6,44 6,45 6,45 6,46 6,46
254,216,142 6,52
254,216,142 6,57 6,58 6,58 6,59 6,59 6,59 6,60 6,60 6,61 6,61 6,62 6,62 6,65 6,65
254,216,142 7,4 7,5 7,5
254,216,142 7,9 7,10 7,13 7,13
254,216,142 7,98 7,99 7,100 7,100 7,100 7,101 7,101 7,102 7,102 7,102 7,103
254,216,142 7,112 7,112 7,113
254,216,142 8,5
254,216,142 9,20 9,20 9,21 9,21 9,21 9,21 9,22 9,22 9,22 9,22 9,22 9,22 9,23 9,23 9,23 9,23 9,24 9,24 9,24 9,24 9,24 9,24 9,25 9,25 9,25 9,25 9,26 9,26 9,26 9,26 9,26 9,26 9,27 9,27 9,27 9,27 9,28 9,28 9,28 9,28 9,28 9,28 9,29 9,29 9,29 9,29 9,30 9,30 9,30 9,30 9,30 9,30 9,31 9,31 9,31 9,31 9,32 9,32 9,32 9,32
254,216,142 9,37 9,37 9,38 9,38 9,38 9,38 9,39 9,39 9,39 9,39 9,39 9,39 9,40 9,40 9,40 9,40 9,43 9,43 9,44 9,44 9,44 9,44 9,45 9,45 9,45 9,45 9,46 9,46 9,46 9,46 9,46 9,46 9,47 9,47 9,47 9,47 9,48 9,48 9,48 9,48 9,48 9,48
254,216,142 9,146 9,147 9,147 9,148 9,148 9,148 9,149 9,149 9,150 9,150
254,216,142 10,10 10,11 10,12 10,12
254,216,142 10,20 10,21 10,21 10,22 10,22 10,22 10,23 10,23 10,24 10,24 10,24 10,25 10,25 10,26 10,26 10,26 10,27 10,27 10,28 10,28 10,28 10,29 10,29 10,30 10,30 10,30 10,31 10,31 10,31 10,32 10,32 10,32 10,32 10,33 10,33 10,33 10,34 10,34 10,35 10,35 10,35 10,36 10,36 10,37 10,37 10,37 10,37 10,38 10,38 10,38 10,38 10,39 10,39 10,39 10,39 10,39 10,39 10,40 10,40 10,40 10,40 10,41 10,42 10,42 10,43 10,43 10,43 10,43 10,44 10,44 10,44 10,44 10,45 10,45 10,45 10,46 10,46 10,46 10,46 10,46 10,46 10,47 10,47 10,47 10,47 10,48 10,48 10,48 10,48
254,216,142 10,57 10,58 10,58 10,59 10,59 10,59 10,60 10,60 10,61
254,216,142 11,163 11,163 11,163 11,163 11,163 11,163 11,163 11,163 11,163 11,164 11,164 11,164 11,164 11,164 11,164 11,165 11,165 11,165 11,165 11,165 11,165 11,165 11,165 11,165 11,166 11,166 11,166 11,166 11,166 11,166 11,167 11,167 11,167 11,167 11,167 11,167 11,167 11,168 11,168 11,168 11,168 11,168 11,168 11,169 11,169 11,169 11,169 11,169 11,169 11,170 11,170 11,170 11,170 11,170 11,170 11,170 11,170 11,170 11,171 11,171 11,171 11,171 11,172 11,172 11,172 11,172 11,172 11,172
254,216,142 12,163 12,164 12,164 12,165 12,165 12,165 12,165 12,165 12,165 12,166 12,166 12,166 12,166 12,167 12,167 12,167 12,167 12,167 12,167 12,168 12,168 12,168 12,168 12,169 12,169 12,169 12,169 12,170 12,170 12,170 12,170 12,170 12,170 12,171 12,171 12,171 12,172 12,172 12,172
254,216,142 12,178 12,178
254,216,142 13,183 13,184 13,184 13,185 13,185 13,185 13,186 13,186 13,187
254,216,142 20,1
254,216,142 21,180
253,226,155 7,11
253,226,155 7,16 7,16 7,17 7,17 7,17 7,17 7,17 7,17 7,18 7,18 7,18 7,18 7,19 7,19
253,226,155 7,24 7,24 7,25 7,25 7,27 7,27 7,28 7,28 7,28 7,28 7,28 7,28 7,29 7,29 7,29 7,29 7,30 7,30 7,30 7,30 7,30 7,30 7,31 7,31 7,31 7,31 7,32 7,32 7,32 7,32
253,226,155 7,65 7,65 7,65 7,65 7,66 7,66 7,66 7,66 7,67 7,67 7,67 7,67 7,67 7,67 7,68 7,68 7,68 7,68 7,68 7,68 7,69 7,69 7,69 7,69 7,69 7,69 7,70 7,70 7,70 7,70 7,70 7,70 7,70 7,70 7,70 7,71 7,71 7,71 7,71 7,71 7,71 7,72 7,72 7,72 7,72 7,72 7,72 7,72 7,72 7,72 7,73 7,73 7,73 7,73 7,73 7,73 7,74 7,74 7,74 7,74 7,74 7,74 7,74 7,74 7,74 7,75 7,75 7,75 7,75 7,75 7,75 7,76 7,76 7,76 7,76 7,76 7,76 7,76 7,76 7,76 7,77 7,77 7,77 7,77 7,77 7,78 7,78 7,78 7,78 7,78 7,78 7,78 7,78 7,78 7,79 7,79 7,79 7,79 7,79 7,79 7,80 7,80 7,80 7,80 7,80 7,80 7,80 7,80 7,80 7,81 7,81 7,81 7,81 7,82 7,83 7,84 7,85 7,85 7,85 7,85 7,86 7,86 7,86 7,86 7,87 7,87 7,90 7,90 7,91 7,91 7,91 7,92 7,92 7,93 7,93 7,93 7,94 7,94 7,95 7,95 7,96 7,96 7,96 7,96 7,96 7,97 7,97 7,97 7,97 7,97 7,97 7,98 7,98 7,98 7,99 7,99 7,99 7,99 7,100 7,100 7,100 7,100 7,100 7,100 7,101 7,101 7,101 7,101 7,102 7,102 7,102 7,102 7,102 7,103 7,103 7,103 7,104 7,104 7,104 7,104 7,104 7,104 7,105 7,105 7,105 7,105 7,106 7,106 7,106 7,106 7,107 7,107 7,107 7,107 7,107 7,107 7,108 7,108 7,108 7,108 7,109 7,109 7,109 7,109 7,109 7,109 7,110 7,110 7,110 7,110 7,111 7,111 7,111 7,111 7,111 7,111 7,112 7,112 7,112 7,113 7,113 7,113 7,114 7,114 7,115 7,115 7,115 7,116 7,116 7,116 7,116 7,116 7,116 7,117 7,117 7,117 7,117 7,117 7,117 7,118 7,118 7,118 7,118
253,226,155 8,16 8,17 8,17 8,17 8,18 8,18 8,19
253,226,155 8,24 8,25 8,27 8,28 8,28 8,28 8,29 8,29 8,30 8,30 8,30 8,31 8,31 8,32 8,32
253,226,155 8,65 8,65 8,66 8,66 8,66 8,66 8,67 8,67 8,67 8,67 8,67 8,67 8,68 8,68 8,68 8,68 8,69 8,69 8,69 8,69 8,70 8,70 8,70 8,70 8,70 8,70 8,71 8,71 8,71 8,71 8,72 8,72 8,72 8,72 8,72 8,72 8,73 8,73 8,73 8,73 8,74 8,74 8,74 8,74 8,74 8,74 8,75 8,75 8,75 8,76 8,76 8,76 8,76 8,76 8,76 8,77 8,77 8,77 8,77 8,78 8,78 8,78 8,78 8,78 8,78 8,79 8,79 8,79 8,79 8,80 8,80 8,80 8,80 8,80 8,81 8,81 8,82 8,82 8,83 8,83 8,83 8,84 8,84 8,85 8,85 8,85 8,85 8,86 8,86 8,86 8,87 8,87 8,87 8,88 8,88 8,89 8,89 8,89 8,90 8,90 8,91 8,91 8,91 8,92 8,92 8,93 8,93 8,93 8,94 8,95 8,95 8,96 8,96 8,96 8,97 8,97 8,98 8,98 8,98 8,99 8,99 8,100 8,100 8,100 8,101 8,101 8,102 8,102 8,102 8,103 8,103 8,104 8,104 8,104 8,105 8,105 8,106 8,106 8,107 8,108 8,109 8,109 8,109 8,110 8,110 8,111 8,111 8,111 8,112 8,112 8,113 8,113 8,113 8,116 8,117 8,118 8,118
253,226,155 9,11
253,226,155 9,66 9,66 9,67 9,67 9,67 9,68 9,68 9,69 9,69 9,70 9,70 9,70 9,71 9,71 9,72 9,72 9,72 9,73 9,73 9,74 9,74 9,74 9,75 9,75 9,76 9,76 9,76 9,77 9,77 9,78 9,78 9,78 9,79 9,79 9,80 9,80 9,80 9,81 9,81 9,82 9,82 9,82 9,82 9,83 9,83 9,83 9,83 9,83 9,83 9,83 9,83 9,83 9,84 9,84 9,84 9,84 9,84 9,84 9,85 9,85 9,85 9,85 9,85 9,85 9,85 9,85 9,85 9,86 9,86 9,86 9,86 9,86 9,86 9,87 9,87 9,87 9,87 9,87 9,87 9,87 9,87 9,87 9,88 9,88 9,88 9,88 9,88 9,88 9,89 9,89 9,89 9,89 9,89 9,89 9,89 9,89 9,89 9,90 9,90 9,90 9,90 9,90 9,90 9,91 9,91 9,91 9,91 9,91 9,91 9,91 9,91 9,91 9,92 9,92 9,92 9,92 9,92 9,92 9,93 9,93 9,93 9,93 9,93 9,93 9,93 9,93 9,93 9,94 9,94 9,94 9,94 9,94 9,94 9,95 9,95 9,95 9,95 9,95 9,95 9,96 9,96 9,96 9,96 9,96 9,96 9,96 9,96 9,97 9,97 9,97 9,97
253,226,155 9,130
253,226,155 10,11
253,226,155 10,61 10,62 10,62 10,63 10,63 10,63 10,64 10,64
253,226,155 10,74 10,74 10,74 10,75 10,78 10,78 10,78 10,79 10,80 10,80 10,80 10,81 10,82 10,82 10,82 10,83 10,83 10,83 10,83 10,83 10,84 10,84 10,84 10,84 10,85 10,85 10,85 10,85 10,85 10,85 10,86 10,86 10,86 10,86 10,87 10,87 10,87 10,87 10,87 10,88 10,88 10,88 10,88 10,89 10,89 10,89 10,89 10,89 10,90 10,90 10,90 10,90 10,91 10,91 10,91 10,91 10,91 10,91 10,92 10,92 10,92 10,92 10,93 10,93 10,93 10,93 10,93 10,93 10,95 10,95 10,95 10,95 10,96 10,96 10,96 10,96 10,96 10,96 10,97 10,97 10,98 10,98
253,226,155 11,127 11,127 11,128
253,226,155 11,150 11,150 11,151 11,151 11,151 11,151 11,152 11,152 11,152 11,155 11,155 11,155 11,155 11,155 11,156 11,156 11,156 11,156 11,156 11,157 11,157 11,157 11,157 11,157 11,157 11,157 11,157 11,157 11,158 11,158 11,158 11,158 11,158 11,158 11,159 11,159 11,159 11,159 11,159 11,159 11,159 11,159 11,159 11,160 11,160 11,160 11,160 11,160 11,160 11,161 11,161 11,161 11,161 11,161 11,161
253,226,155 13,189
253,226,155 20,98 20,98 20,98 20,99 20,99 20,100 20,100 20,100 20,101 20,101 20,102 20,102 20,102 20,103 20,103 20,104 20,104 20,104 20,105 20,105
253,226,155 21,1 21,1 22,1 22,1
253,226,155 22,16 22,16 22,17 22,17 22,17 22,17 22,17 22,17 22,18 22,18 22,18 22,18 22,19 22,19 22,19 22,19 22,20 22,20 22,20 22,20 22,20 22,20 22,21 22,21 22,21 22,21 22,22 22,22 22,22 22,22 22,22 22,22 22,23 22,23 22,23 22,23 22,24 22,24 22,24 22,24 22,24 22,24 22,25 22,25 22,25 22,25 22,26 22,26 22,26 22,26 22,26 22,26 22,27 22,27 22,27 22,27 22,28 22,28 22,28 22,28
253,226,155 26,9 26,9
253,226,155 26,131
253,226,155 29,7
253,233,162 7,127 7,128
253,233,162 8,96 8,97 8,97 8,98 8,98 8,98 8,99 8,99 8,100 8,100 8,100 8,101 8,101 8,102 8,102 8,102 8,103 8,103 8,104 8,104 8,104 8,105 8,105 8,106 8,106 8,107 8,107 8,107 8,108 8,108 8,109 8,109 8,109 8,110 8,110 8,111 8,111 8,111 8,112 8,112 8,113 8,113 8,113
253,233,162 8,119 8,119 8,120 8,120 8,120 8,121 8,121 8,123 8,124 8,124 8,126 8,126 8,127 8,128
253,233,162 9,96 9,97 9,97 9,98 9,98 9,98 9,98 9,98 9,98 9,98 9,98 9,98 9,99 9,99 9,99 9,99 9,99 9,99 9,100 9,100 9,100 9,100 9,100 9,100 9,100 9,100 9,100 9,101 9,101 9,101 9,101 9,101 9,101 9,102 9,102 9,102 9,102 9,102 9,102 9,102 9,102 9,102 9,103 9,103 9,103 9,103 9,103 9,103 9,104 9,104 9,104 9,104 9,104 9,104 9,104 9,104 9,104 9,105 9,105 9,105 9,105 9,105 9,105 9,106 9,106 9,106 9,106 9,106 9,106 9,107 9,107 9,107 9,107 9,107 9,107 9,107 9,107 9,107 9,108 9,108 9,108 9,108 9,108 9,108 9,109 9,109 9,109 9,109 9,109 9,109 9,109 9,109 9,109 9,110 9,110 9,110 9,110 9,110 9,110 9,111 9,111 9,111 9,111 9,111 9,111 9,111 9,111 9,111 9,112 9,112 9,112 9,112 9,112 9,112 9,113 9,113 9,113 9,113 9,113 9,113 9,113 9,113 9,113
253,233,162 9,119 9,119 9,120 9,120 9,120 9,120 9,120 9,120 9,120 9,121 9,121 9,121 9,121 9,121 9,121 9,122 9,122 9,122 9,122 9,122 9,123 9,123 9,123 9,123 9,123 9,123 9,124 9,124 9,124 9,124 9,124 9,124 9,124 9,125 9,125 9,125 9,125 9,125 9,125 9,126 9,126 9,126 9,126 9,126 9,126 9,126 9,126 9,126 9,127 9,127 9,127 9,127 9,127 9,127 9,128 9,128 9,128 9,128 9,128 9,129 9,129 9,129 9,129 9,129 9,129 9,130 9,130 9,130 9,130 9,130 9,130 9,130 9,131 9,131 9,131 9,131 9,132 9,132 9,133 9,133 9,133 9,134 9,134 9,135 9,135 9,135 9,136 9,136 9,137 9,137 9,137 9,138 9,138 9,139 9,139 9,139 9,140 9,140 9,141 9,141 9,141 9,142 9,142 9,143 9,143 9,143 9,144 9,144 9,145
253,233,162 10,98 10,98 10,98 10,99 10,99 10,100 10,100 10,100 10,101 10,101 10,102 10,102 10,102 10,103 10,103 10,104 10,104 10,104 10,105 10,105 10,106 10,106 10,107 10,107 10,107 10,108 10,108 10,109 10,109 10,109 10,110 10,110 10,111 10,111 10,111 10,112 10,112 10,113 10,113 10,113 10,113 10,113 10,113
253,233,162 10,120 10,120 10,121 10,121 10,124 10,124 10,125 10,125 10,126 10,126 10,127 10,127 10,128 10,128 10,128 10,129 10,130 10,130 10,130 10,130 10,130 10,131 10,131 10,131 10,131 10,132 10,132 10,132 10,132 10,133 10,133 10,133 10,133 10,133 10,133 10,135 10,135 10,136 10,136 10,136 10,137 10,137 10,137 10,137 10,137 10,137 10,138 10,138 10,138 10,138 10,139 10,139 10,139 10,139 10,140 10,140 10,141 10,141 10,141 10,142 10,142 10,143 10,143 10,143 10,144 10,144 10,145 10,145 10,146
253,233,162 10,152
253,233,162 11,127 11,130 11,130 11,131 11,131 11,131 11,131 11,132 11,132 11,132 11,132 11,132 11,132 11,133 11,133 11,133 11,133 11,133 11,133 11,133 11,134 11,134 11,134 11,134 11,134 11,135 11,135 11,135 11,135 11,136 11,136 11,136 11,136 11,136 11,136 11,137 11,137 11,137 11,138 11,138 11,139 11,139 11,139 11,139 11,139 11,139 11,139 11,140 11,140
253,233,162 11,145 11,145 11,145 11,146 11,146 11,146 11,146 11,146 11,146 11,146 11,146 11,147 11,147 11,147 11,147 11,147 11,148 11,148 11,148 11,148 11,148 11,148 11,149 11,149 11,149 11,149 11,150 11,150 11,150 11,150 11,152 11,152
253,233,162 17,128 17,128 17,129 17,129 17,130 17,131 17,131 17,132 17,132 17,133 17,133 17,133 17,134
253,233,162 18,187 18,187 18,189
253,233,162 21,71 21,71 21,72 21,72 21,72 21,72 21,72 21,72 21,73 21,73 21,75 21,76 21,76 21,76 21,76 21,76 21,77 21,77 21,77 21,78 21,78
253,233,162 21,178
253,233,162 22,1 22,3 22,4 22,5
253,233,162 22,33 22,33 22,33 22,34 22,34 22,35 22,35 22,37 22,37 22,37 22,38 22,38 22,39 22,39 22,40 22,41 22,41 22,41 22,42 22,42 22,43 22,43 22,43 22,44 22,44 22,45 22,45 22,46 22,46 22,46 22,47 22,47
253,233,162 22,52 22,52 22,52 22,52 22,52 22,52 22,53 22,53 22,53 22,53
253,233,162 23,1 23,1
253,233,162 23,5 23,5
253,233,162 23,33 23,33 23,33 23,33 23,33 23,33 23,34 23,34 23,34 23,34 23,35 23,35 23,35 23,35 23,37 23,37 23,37 23,37 23,37 23,37 23,38 23,38 23,38 23,38 23,39 23,39 23,39 23,39 23,39 23,39 23,40 23,40 23,40 23,40 23,41 23,41 23,41 23,41 23,41 23,42 23,42 23,42 23,42 23,43 23,43 23,43 23,43 23,43 23,43 23,44 23,44 23,44 23,44 23,45 23,45 23,45 23,45 23,46 23,46 23,46 23,46 23,46 23,46 23,47 23,47 23,47 23,47
253,233,162 24,1 24,1 24,1
253,233,162 24,13 24,13 24,13 24,15 24,15 24,15 24,16 24,16
253,233,162 24,31 24,31 24,32 24,32 24,32 24,32 24,33 24,33 24,33 24,33
253,233,162 25,1
253,233,162 25,11 25,11 25,11 25,11 25,11 25,11 25,12 25,12 25,12 25,13 25,13 25,13 25,13 25,15 25,15 25,15 25,16 25,16
253,233,162 25,155 25,156 25,156
253,233,162 26,11 26,11 26,11 26,12 26,15
254,231,146 7,43 7,43 7,43 7,43 7,43 7,43 7,44 7,44 7,44 7,44 7,45 7,45 7,45 7,45 7,46 7,46 7,46 7,46 7,46 7,46 7,47 7,47 7,47 7,47 7,48 7,48 7,48 7,48 7,48 7,48
254,231,146 8,43 8,43 8,43 8,44 8,44 8,45 8,45 8,46 8,46 8,46 8,47 8,47 8,48 8,48 8,48 8,50 8,50 8,50 8,51 8,51 8,52 8,52 8,52 8,53 8,53 8,54 8,54 8,54 8,55 8,55 8,56 8,56 8,57 8,57 8,57 8,58 8,58 8,59 8,59 8,59 8,60 8,60 8,61 8,61 8,61 8,62 8,62 8,63 8,63 8,63 8,64 8,64 8,65
254,231,146 9,50 9,50 9,50 9,51 9,51 9,52 9,52 9,52 9,53 9,53 9,54 9,54 9,54 9,55 9,55 9,56 9,56 9,57 9,57 9,57 9,58 9,58 9,59 9,59 9,59 9,60 9,60 9,61 9,61 9,61 9,62 9,62 9,63 9,63 9,63 9,64 9,64 9,65
254,231,146 20,5 21,5 21,5 21,5
254,231,146 21,33 21,33 21,33 21,33 21,33 21,33 21,34 21,34 21,34 21,34 21,35 21,35 21,35 21,35 21,35 21,35 21,36 21,36 21,36 21,36 21,37 21,37 21,37 21,37 21,37 21,37 21,38 21,38 21,38 21,38 21,39 21,39 21,39 21,39 21,39 21,39 21,40 21,40 21,40 21,40 21,41 21,41 21,41 21,41 21,43 21,43 21,43 21,43 21,43 21,43 21,44 21,44 21,44 21,44 21,45 21,45 21,45 21,45 21,46 21,46 21,46 21,47 21,47 21,48 21,48 21,48
254,231,146 21,52 21,52 21,52 21,52 21,52 21,53 21,53 21,53
254,231,146 22,9 22,9 22,9 22,10 22,10 22,13 22,14 22,15
254,231,146 23,9 23,9 23,10 23,10 23,12 23,13 23,13
254,231,146 24,11 24,12
254,231,146 25,130
254,231,146 26,5
254,231,146 28,80
254,231,146 29,1
254,231,146 29,80 29,80 29,81
192,169,119 2,2
254,248,233 31,2 31,2
254,248,233 31,9
254,248,233 31,48 31,48 31,48
216,172,72 13,133 13,133 13,133 13,134 13,134
216,172,72 17,2
216,172,72 17,154
254,246,242 31,3 31,3
205,158,72 5,3
205,158,72 11,81 11,82
234,194,114 4,11
234,194,114 4,15 4,15
234,194,114 4,35 4,35 4,35 4,35 4,35 4,36 4,36 4,37 4,37 4,37 4,37
234,194,114 7,3
234,194,114 9,155 9,155 9,156 9,156 9,159 9,159 9,159 9,160 9,160 9,161 9,161 9,161 9,162 9,162 9,163 9,163
234,194,114 13,177
202,148,55 13,3 14,3
200,156,44 13,152
200,156,44 15,3 15,3
200,156,44 15,7
252,212,103 14,24 14,25 14,25 14,26 14,26 14,26 14,27 14,27 14,28 14,28 14,28 14,29 14,29 14,30 14,30 14,33 14,33 14,33 14,34 14,34 14,35 14,35 14,35 14,36 14,36 14,37 14,37 14,37 14,38 14,38 14,39 14,39 14,39 14,40 14,40 14,41 14,41 14,41 14,42 14,42 14,43 14,43 14,43 14,44 14,44 14,45 14,45 14,46 14,46 14,46 14,47 14,47
252,212,103 15,11 15,11 15,11 15,12
252,212,103 15,24 15,25 15,25 15,26 15,26 15,26 15,27 15,27 15,28 15,28 15,28 15,29 15,29 15,30 15,30 15,31 15,32 15,32 15,32 15,32 15,33 15,33 15,33 15,33 15,33 15,33 15,33 15,34 15,34 15,35 15,35 15,35 15,36 15,36 15,37 15,37 15,37 15,38 15,38 15,39 15,39 15,39 15,40 15,40 15,41 15,41 15,41 15,42 15,42 15,43 15,43 15,43 15,44 15,44 15,45 15,45 15,46 15,46 15,46 15,47 15,47 15,49 15,49 15,49 15,49 15,50 15,50 15,50 15,50 15,50 15,50 15,51 15,51 15,51 15,51
252,212,103 15,98 15,98 15,98 15,99 15,99 15,100 15,100 15,100 15,101 15,101 15,102 15,102 15,102 15,103 15,103 15,104 15,104 15,104 15,105 15,105 15,106 15,106 15,107 15,107 15,107 15,108 15,108 15,109 15,109 15,109 15,110 15,110 15,111 15,111 15,111 15,112 15,112 15,113 15,113 15,113
252,212,103 15,119 15,119 15,119 15,119 15,120 15,120 15,120 15,120 15,120 15,120 15,120 15,120 15,121 15,121 15,121 15,121 15,121 15,121 15,122 15,122 15,122 15,123 15,123 15,124 15,124 15,124 15,124 15,124
252,212,103 15,137 15,137 15,138 15,138 15,139 15,139 15,139 15,140 15,140 15,141 15,141 15,141 15,142 15,142 15,143 15,143 15,143 15,144 15,144 15,145 15,145 15,146 15,146 15,146 15,146 15,148 15,148
252,212,103 16,11 16,11 16,12 16,12 16,13
252,212,103 16,31 16,32 16,32 16,33 16,33
252,212,103 16,49 16,49 16,50 16,50 16,50 16,51 16,51
252,212,103 16,108 16,108 16,109 16,109 16,109 16,110 16,110 16,111 16,111 16,111 16,112 16,112 16,113 16,113 16,113 16,114 16,114 16,115 16,115 16,115 16,116 16,116 16,117 16,117 16,117 16,118 16,118 16,119 16,119 16,120 16,120 16,120 16,121 16,121 16,122 16,123 16,124 16,124
252,212,103 16,137 16,137 16,138 16,138 16,139 16,139 16,139 16,139 16,139 16,139 16,140 16,140 16,140 16,141 16,141 16,141 16,142 16,142 16,143 16,143 16,143 16,144 16,145 16,145 16,146 16,146
252,212,103 17,12
252,212,103 17,17 17,17 17,17 17,17 17,18 17,18 17,18 17,18 17,19 17,19 17,19 17,19 17,20 17,20 17,20 17,20 17,20 17,20 17,21 17,21 17,21 17,21 17,22 17,22 17,22 17,22 17,22 17,22 17,23 17,23 17,23 17,23 17,24 17,24 17,24 17,24
252,212,103 17,29 17,29 17,30 17,30 17,30 17,30 17,30 17,30 17,31 17,31 17,31 17,31 17,32 17,32 17,32 17,32 17,33 17,33 17,33 17,33 17,33 17,33 17,34 17,34 17,34 17,34 17,35 17,35 17,35 17,35 17,35 17,35 17,36 17,36 17,36 17,36 17,37 17,37 17,37 17,37 17,37 17,37 17,38 17,38 17,38 17,38 17,39 17,39 17,39 17,39 17,39 17,39 17,40 17,40 17,40 17,40 17,41 17,41 17,41 17,41 17,41 17,41 17,42 17,42 17,42 17,42 17,43 17,43 17,43 17,43 17,43 17,43 17,44 17,44 17,44 17,44 17,45 17,45 17,45 17,45 17,46 17,46 17,46 17,46 17,46 17,46 17,47 17,47 17,47 17,47 17,48 17,48 17,48 17,48 17,48 17,48
252,212,103 17,78 17,78 17,78 17,78 17,79 17,79 17,79 17,79 17,80 17,80
252,212,103 17,94 17,95 17,95 17,96 17,96 17,96 17,97 17,97 17,98 17,98 17,98 17,99 17,99 17,100 17,100 17,100 17,101 17,101 17,102 17,102
252,212,103 18,17 18,17 18,18 18,18 18,19 18,19 18,20 18,20 18,20 18,21 18,21 18,22 18,22 18,22 18,23 18,23 18,24 18,24
252,212,103 18,29 18,30 18,30 18,30 18,31 18,31 18,32 18,32 18,33 18,33 18,33 18,34 18,34 18,35 18,35 18,35 18,36 18,36 18,37 18,37 18,37 18,38 18,38 18,39 18,39 18,39 18,40 18,40 18,41 18,41 18,41 18,42 18,42 18,43 18,43 18,43 18,44 18,44 18,45 18,45 18,46 18,46 18,46 18,47 18,47 18,48 18,48 18,48
252,212,103 18,64
252,212,103 18,69 18,70 18,70 18,70 18,71 18,71 18,72
252,212,103 19,15 19,15 19,15 19,16
252,212,103 20,3
252,212,103 20,14 20,15 20,15 20,15 20,16
252,212,103 27,7 27,7 27,8
254,225,144 6,15 6,16 6,17 6,18 6,18 6,19 6,19 6,20 6,20 6,20 6,21 6,21 6,22 6,22 6,23 6,23 6,24 6,24 6,24 6,25 6,25 6,26 6,26 6,26 6,27 6,27 6,28 6,28 6,28 6,29 6,29 6,30 6,30 6,30 6,31 6,32 6,35 6,35 6,36 6,36 6,37 6,37 6,37 6,38 6,38 6,39 6,39 6,39 6,40 6,40 6,41 6,41 6,41 6,42 6,42 6,43 6,43 6,43 6,44 6,44 6,45 6,45 6,46 6,46 6,46
254,225,144 6,52
254,225,144 6,57 6,58 6,58 6,59 6,59 6,59 6,60 6,60 6,61 6,61 6,61 6,62 6,62 6,65 6,65 6,66 6,66 6,67
254,225,144 7,9 7,9
254,225,144 7,13 7,13 7,13 7,13 7,15 7,15 7,15 7,15 7,15 7,15 7,15 7,15 7,16 7,16 7,16 7,16 7,17 7,17 7,17 7,18 7,18 7,19 7,19 7,19 7,19 7,20 7,20 7,20 7,20 7,20 7,20 7,20 7,20 7,20 7,21 7,21 7,21 7,21 7,21 7,21 7,22 7,22 7,22 7,22 7,22 7,22 7,22 7,22 7,22 7,23 7,23 7,23 7,23 7,23 7,23 7,24 7,24 7,24 7,24 7,24 7,24 7,24 7,25 7,25 7,25 7,25 7,26 7,26 7,26 7,26 7,26 7,26 7,26 7,26 7,26 7,27 7,27 7,27 7,27 7,28 7,28 7,28 7,29 7,29 7,30 7,30 7,30 7,31 7,31 7,32 7,32 7,33 7,33 7,33 7,33 7,33 7,33 7,33 7,33 7,33 7,34 7,34 7,34 7,34 7,34 7,34 7,35 7,35 7,35 7,35 7,35 7,35 7,35 7,35 7,36 7,36 7,36 7,36 7,36 7,36 7,37 7,37 7,37 7,37 7,37 7,37 7,37 7,37 7,37 7,38 7,38 7,38 7,38 7,38 7,38 7,39 7,39 7,39 7,39 7,39 7,39 7,39 7,39 7,39 7,40 7,40 7,40 7,40 7,40 7,40 7,41 7,41 7,41 7,41 7,41 7,41 7,41 7,41 7,41 7,42 7,42 7,42 7,42 7,42 7,42 7,43 7,43 7,43 7,44 7,44 7,45 7,45 7,46 7,46 7,46 7,47 7,47 7,48 7,48 7,49 7,49 7,50 7,50 7,50 7,50 7,50 7,50 7,50 7,50 7,50 7,51 7,51 7,51 7,51 7,51 7,51 7,52 7,52 7,52 7,52 7,52 7,52 7,52 7,52 7,52 7,53 7,53 7,53 7,53 7,53 7,53 7,54 7,54 7,54 7,54 7,54 7,54 7,54 7,55 7,55 7,55 7,55 7,55 7,55 7,56 7,56 7,56 7,56 7,56 7,56 7,57 7,57 7,57 7,57 7,57 7,57 7,57 7,58 7,58 7,58 7,58 7,58 7,58 7,59 7,59 7,59 7,59 7,59 7,59 7,59 7,59 7,59 7,60 7,60 7,60 7,60 7,60 7,60 7,61 7,61 7,61 7,61 7,61 7,61 7,61 7,61 7,61 7,62 7,62 7,62 7,62 7,62 7,62 7,63 7,63 7,63 7,63 7,63 7,63 7,63 7,63 7,63 7,64 7,64 7,64 7,64 7,64 7,64 7,65 7,65 7,65 7,65 7,65 7,66 7,66 7,67 7,67 7,67
254,225,144 7,117 7,117 7,117 7,118 7,118 7,119 7,120 7,121 7,122 7,124
254,225,144 7,129
254,225,144 8,5
254,225,144 8,9 8,9 8,10 8,11 8,13 8,13 8,15 8,15 8,15 8,16 8,16 8,16 8,17 8,17 8,17 8,18 8,18 8,19 8,19 8,19 8,20 8,20 8,20 8,20 8,20 8,20 8,21 8,21 8,21 8,21 8,22 8,22 8,22 8,22 8,22 8,22 8,23 8,23 8,23 8,23 8,24 8,24 8,24 8,24 8,25 8,25 8,25 8,26 8,26 8,26 8,26 8,26 8,26 8,27 8,27 8,27 8,28 8,28 8,28 8,29 8,29 8,30 8,30 8,30 8,31 8,31 8,32 8,32 8,33 8,33 8,33 8,33 8,33 8,33 8,34 8,34 8,34 8,34 8,35 8,35 8,35 8,35 8,35 8,35 8,36 8,36 8,36 8,36 8,37 8,37 8,37 8,37 8,40 8,40 8,40 8,41 8,41 8,41 8,41 8,41 8,41 8,42 8,42 8,42 8,42 8,43 8,43 8,43 8,44 8,44 8,45 8,45 8,46 8,46 8,46 8,47 8,47 8,48 8,48 8,48 8,49 8,49 8,49 8,49 8,50 8,50 8,50 8,51 8,51 8,52 8,52 8,52 8,53 8,53 8,54 8,54 8,54 8,55 8,55 8,56 8,56 8,57 8,57 8,57 8,58 8,58 8,59 8,59 8,59 8,60 8,60 8,61 8,61 8,61 8,62 8,62 8,63 8,63 8,63 8,64 8,64 8,65
254,225,144 9,5
254,225,144 9,9 9,10 9,10 9,11 9,13 9,13 9,13 9,13 9,13 9,16 9,17 9,17 9,17 9,18 9,18 9,19 9,19 9,20 9,20 9,20 9,21 9,21 9,22 9,22 9,22 9,23 9,23 9,24 9,24 9,24 9,25 9,25 9,26 9,26 9,26 9,27 9,27 9,28 9,28 9,28 9,29 9,29 9,30 9,30 9,30 9,31 9,31 9,32 9,32 9,33 9,33 9,33 9,34 9,34 9,35 9,35 9,35 9,36 9,36 9,37 9,37 9,37 9,38 9,38 9,39 9,39 9,39 9,40 9,40 9,41 9,41 9,41 9,42 9,42 9,43 9,43 9,43 9,44 9,44 9,45 9,45 9,46 9,46 9,46 9,47 9,47 9,48 9,48 9,48 9,49 9,49 9,49 9,49 9,49 9,49 9,50 9,50 9,50 9,50 9,50 9,50 9,51 9,51 9,51 9,51 9,52 9,52 9,52 9,52 9,52 9,52 9,53 9,53 9,53 9,53 9,54 9,54 9,54 9,54 9,54 9,54 9,55 9,55 9,55 9,55 9,56 9,56 9,56 9,56 9,57 9,57 9,57 9,57 9,57 9,57 9,58 9,58 9,58 9,58 9,59 9,59 9,59 9,59 9,59 9,59 9,60 9,60 9,60 9,60 9,61 9,61 9,61 9,61 9,61 9,61 9,62 9,62 9,62 9,62 9,63 9,63 9,63 9,63 9,63 9,63 9,64 9,64 9,64 9,64 9,65 9,65
254,225,144 9,131 9,131
254,225,144 9,150 9,151 9,151 9,152
254,225,144 10,57 10,58 10,58 10,59 10,59 10,59 10,60 10,60 10,61 10,61 10,62 10,62 10,63 10,63 10,63 10,64 10,64 10,65 10,65 10,66 10,66 10,67 10,67 10,67 10,68 10,68 10,69 10,69 10,70 10,70 10,70 10,71 10,71 10,72 10,72 10,72 10,73
254,225,144 10,150 10,152
254,225,144 11,161 11,161 11,161 11,162 11,162 11,162 11,162 11,162 11,162 12,161 12,162
254,225,144 12,172 12,172 12,172 12,173 12,173 12,174 12,174 12,174 12,175 12,177 12,177
254,225,144 16,128 16,129 16,130 16,131 16,132
254,225,144 17,135
254,225,144 20,90 20,90 20,91 20,91 20,91 20,92 20,92 20,93 20,93 20,93 20,94 20,94 20,95 20,95 20,96 20,96 20,96 20,97 20,97
254,225,144 21,3 21,4
254,225,144 21,9 21,9 21,10 21,10
254,225,144 21,16 21,16 21,17 21,17 21,17 21,17 21,17 21,17 21,18 21,18 21,18 21,18 21,19 21,19 21,19 21,19 21,20 21,20 21,20 21,20 21,20 21,20 21,21 21,21 21,21 21,21 21,22 21,22 21,22 21,22 21,22 21,22 21,23 21,23 21,23 21,23 21,24 21,24 21,24 21,24 21,24 21,24 21,25 21,25 21,25 21,25 21,26 21,26 21,26 21,26 21,26 21,26 21,27 21,27 21,27 21,27 21,28 21,28 21,28 21,28 21,28 21,28 21,29 21,29 21,29 21,29 21,30 21,30 21,30 21,30 21,30 21,30 21,31 21,31 21,31 21,31 21,32 21,32 21,32 21,32
254,225,144 22,15 22,15 22,15 22,16 22,16
253,233,172 8,114 8,114 8,115 8,115 8,116 8,116 8,117 8,117 8,117 8,118
253,233,172 9,114 9,114 9,114 9,114 9,114 9,114 9,115 9,115 9,115 9,115 9,115 9,115 9,115 9,115 9,115 9,116 9,116 9,116 9,116 9,116 9,116 9,117 9,117 9,117 9,117 9,117 9,117 9,117 9,117 9,117 9,118 9,118 9,118 9,118 9,118 9,118 9,119 9,119 9,119 9,119 9,120 9,120
253,233,172 9,128 9,128
253,233,172 10,114 10,114 10,115 10,115 10,115 10,116 10,116 10,117 10,117 10,117 10,118 10,118 10,119 10,119 10,120
253,233,172 10,128 10,128
253,233,172 10,139 10,139 10,140 10,140 10,141 10,141 10,141 10,142 10,142 10,143 10,143 10,143 10,144 10,144 10,145
253,233,172 11,134 11,135
253,233,172 11,139 11,139 11,140 11,140 11,141 11,141 11,141 11,142 11,142 11,143 11,143 11,143 11,144 11,144 11,145
253,233,172 18,188 18,188 18,189
253,233,172 19,184
253,233,172 20,113 20,113 20,113 20,114 20,114 20,115 20,115 20,115 20,116 20,116 20,117 20,117 20,117 20,118 20,118 20,119 20,119 20,120 20,120 20,120 20,121 20,121 20,122 20,122 20,122 20,123 20,123 20,124 20,124 20,124
253,233,172 20,184 20,186
253,233,172 22,3 22,4 22,4 23,3 23,3 23,4 23,4 23,4 23,4 24,3
253,233,172 25,157 25,157 25,157 25,158 25,158
253,233,172 29,6
253,232,154 7,119 7,119 7,119 7,119 7,120 7,120 7,120 7,121 7,121 7,121 7,121 7,122 7,122 7,122 7,122 7,122 7,122 7,123 7,123 7,124 7,124 7,124 7,124 7,124 7,125 7,125
253,232,154 8,65
253,232,154 8,119 8,119 8,120 8,120 8,120 8,121 8,121 8,122 8,123 8,123 8,124
253,232,154 9,65 9,65 9,65 9,65 9,65 9,65 9,66 9,66 9,66 9,66 9,67 9,67 9,67 9,67 9,67 9,67 9,68 9,68 9,68 9,68 9,69 9,69 9,69 9,69 9,70 9,70 9,70 9,70 9,70 9,70 9,71 9,71 9,71 9,71 9,72 9,72 9,72 9,72 9,72 9,72 9,73 9,73 9,73 9,73 9,74 9,74 9,74 9,74 9,74 9,74 9,75 9,75 9,75 9,75 9,76 9,76 9,76 9,76 9,76 9,76 9,77 9,77 9,77 9,77 9,78 9,78 9,78 9,78 9,78 9,78 9,79 9,79 9,79 9,79 9,80 9,80 9,80 9,80 9,80 9,80 9,81 9,81 9,81 9,81 9,82 9,82
253,232,154 10,65 10,65 10,66 10,66 10,67 10,67 10,67 10,68 10,68 10,69 10,69 10,70 10,70 10,70 10,71 10,71 10,72 10,72 10,72 10,73 10,73 10,74 10,74 10,75 10,75 10,78 10,78 10,79 10,79 10,80 10,81 10,81 10,82
253,232,154 10,98 10,99 10,99 10,100 10,100 10,100 10,101 10,101 10,102 10,102 10,102 10,103 10,103 10,104 10,104 10,104 10,105 10,105 10,106 10,106 10,107 10,107 10,107 10,108 10,108 10,109 10,109 10,109 10,110 10,110 10,111 10,111 10,111 10,112 10,112
253,232,154 17,127 17,128
253,232,154 17,134
253,232,154 21,41 21,41 21,42 21,42 21,42 21,42
253,232,154 21,49 21,49 21,49 21,50 21,50 21,50 21,50 21,50 21,50 21,51 21,51 21,51 21,51 21,54 21,54 21,54 21,54 21,54 21,54 21,55 21,55 21,55 21,55 21,56 21,56 21,56 21,56 21,57 21,57 21,57 21,57 21,57 21,57 21,58 21,58 21,58 21,58 21,59 21,59 21,59 21,59 21,59 21,60 21,60 21,60 21,60 21,61 21,61 21,61 21,61 21,61 21,61 21,62 21,62 21,62 21,62 21,63 21,63 21,63 21,63 21,63 21,63 21,64 21,64 21,64 21,64 21,65 21,65 21,65 21,66 21,66 21,66 21,66 21,67 21,67 21,67 21,68 21,68 21,68 21,68 21,69 21,69 21,70 21,70 21,70 21,70 21,71 21,73 21,74 21,74 21,74 21,75
253,232,154 22,5 22,5
253,232,154 22,15 22,17 22,17 22,17 22,18 22,18 22,19 22,19 22,20 22,20 22,20 22,21 22,21 22,22 22,22 22,22 22,23 22,23 22,24 22,24 22,24 22,25 22,25 22,26 22,26 22,26 22,27 22,27 22,28 22,28 22,28 22,28 22,28 22,29 22,29 22,29 22,29 22,29 22,29 22,30 22,30 22,30 22,30 22,30 22,30 22,30 22,30 22,30 22,31 22,31 22,31 22,31 22,31 22,31 22,32 22,32 22,32 22,32 22,32 22,32 22,33 22,33 22,33 22,33 22,33 22,33 22,34 22,34 22,34 22,34 22,35 22,35 22,35 22,35 22,35 22,35 22,35 22,36 22,36 22,36 22,36 22,36 22,36 22,37 22,37 22,37 22,37 22,37 22,37 22,38 22,38 22,38 22,38 22,39 22,39 22,39 22,39 22,39 22,39 22,40 22,40 22,40 22,40 22,41 22,41 22,41 22,41 22,41 22,41 22,42 22,42 22,42 22,42 22,43 22,43 22,43 22,43 22,43 22,43 22,44 22,44 22,44 22,44 22,45 22,45 22,45 22,45
253,232,154 23,14 23,14 23,15 23,15 23,15 23,15 23,16 23,16 23,16 23,17 23,17 23,17 23,17 23,17 23,17 23,18 23,18 23,18 23,18 23,19 23,19 23,19 23,19 23,20 23,20 23,20 23,20 23,20 23,20 23,21 23,21 23,21 23,21 23,22 23,22 23,22 23,22 23,22 23,22 23,23 23,23 23,23 23,23 23,24 23,24 23,24 23,24 23,24 23,24 23,25 23,25 23,25 23,25 23,26 23,26 23,26 23,26 23,26 23,26 23,27 23,27 23,27 23,27 23,28 23,28 23,28 23,28 23,28 23,28 23,29 23,29 23,29 23,29 23,30 23,30 23,30 23,30 23,30 23,30 23,31 23,31 23,31 23,31 23,32 23,32 23,32 23,32 23,35 23,35 23,36 23,36 23,36 23,36
253,232,154 24,9 24,12 24,13 24,13 24,13 24,13 24,13 24,14 24,15 24,16 24,17 24,17 24,17 24,17 24,17 24,17 24,18 24,18 24,18 24,18 24,19 24,19 24,19 24,19 24,20 24,20 24,20 24,20 24,20 24,20 24,21 24,21 24,21 24,21 24,22 24,22 24,22 24,22 24,22 24,22 24,23 24,23 24,23 24,23 24,24 24,24 24,24 24,24 24,24 24,24 24,25 24,25 24,25 24,25 24,26 24,26 24,26 24,26 24,26 24,26 24,27 24,27 24,27 24,27 24,28 24,28 24,28 24,28 24,28 24,28 24,29 24,29
253,232,154 25,3
253,232,154 25,9 25,9
253,232,154 25,155
253,232,154 26,13 26,15 26,16
253,224,124 15,127 15,127 15,127 15,129 15,130 15,130 15,132 15,133 16,133 16,135
253,224,124 17,114 17,114 17,115 17,115 17,115 17,116 17,116
253,224,124 19,75 19,76 19,76 19,76 19,77 19,77 19,78 19,78 19,78
253,224,124 20,75 20,76 20,76 20,76 20,77 20,77 20,78 20,78 20,78 20,79
253,224,124 27,3 27,3 27,4 27,4
253,224,124 27,11
253,224,124 27,15 27,16 27,16 27,17
253,224,124 27,66 27,66 27,67 27,67 27,67
253,224,124 27,81 27,82 27,82 27,83 27,83 27,83 27,84 27,84 27,85 27,85 27,85 27,86 27,86 27,87 27,87 27,87 27,88 27,88 27,89 27,89 27,89 27,90 27,90 27,91 27,91 27,91 27,92 27,92 27,93 27,93 27,93 27,94 27,94 27,95 27,95 27,96 27,96 27,96 27,97 27,97 27,98 27,98 27,98 27,99 27,99 27,100 27,100 27,100 27,101 27,101 27,102 27,102 27,102 27,103 27,103 27,104 27,104 27,104 27,105 27,105 27,106 27,106 27,107 27,107 27,107 27,108 27,108 27,109 27,109 27,109 27,110 27,110 27,111 27,111 27,111 27,112 27,112 27,113 27,113 27,113
253,224,124 27,120 27,120 27,121 27,121 27,122 27,122 27,122 27,123 27,123 27,124
253,224,124 28,15 28,15 28,16 28,16 28,17
253,224,124 28,48 28,48 28,49 28,49 28,50 28,50
253,224,124 28,54 28,54 28,55 28,55 28,56 28,56 28,57 28,60 28,60 28,61 28,61 28,61 28,62 28,62 28,63
253,224,124 28,74
253,224,124 28,80
253,224,124 29,11
253,224,124 29,15 29,15 29,15 29,16 29,16 29,17
253,224,124 29,48 29,48 29,48
253,224,124 29,65 29,65 29,66 29,66 29,67 29,67 29,67 29,68 29,68 29,69 29,69 29,70 29,70 29,70 29,71
254,227,174 17,190 17,190 17,191
254,227,174 22,158
254,227,174 29,3
254,241,155 21,4 21,4
254,241,155 23,13 23,13 23,13 23,14
254,241,155 24,9 24,9
254,241,155 24,16 24,17 24,17 24,17 24,18 24,18 24,19 24,19 24,20 24,20 24,20 24,21 24,21 24,22 24,22
254,241,155 24,27 24,28 24,28 24,28 24,29
254,241,155 25,16 25,16 25,17 25,17 25,17 25,17 25,17 25,17 25,18 25,18 25,18 25,18 25,19 25,19 25,19 25,19 25,20 25,20 25,20 25,20 25,20 25,20 25,21 25,21 25,21 25,21 25,22 25,22 25,22 25,22
254,241,155 25,27 25,27 25,28 25,28 25,28 25,28 25,28 25,28 25,29 25,29
254,241,155 26,16 26,17 26,17 26,17 26,18 26,18 26,19 26,19 26,20 26,20 26,20 26,21 26,21 26,22 26,22 26,22 26,23 26,23 26,24 26,24 26,26 26,27 26,27 26,28 26,28 26,28 26,29 26,29 26,30 26,30 26,30 26,31 26,33 26,34 26,34 26,35 26,35 26,35 26,36 26,36 26,37 26,37 26,37 26,38 26,38 26,39 26,39 26,39 26,40 26,40 26,41 26,41 26,41 26,42 26,42 26,43 26,43
213,176,88 5,4
213,176,88 11,98 11,98 11,99 11,99 11,100 11,100 11,100 11,101 11,101
213,176,88 13,174
213,176,88 16,184
254,243,164 21,78 21,78 21,78 21,78 21,79 21,79 21,79 21,79 21,80 21,80
254,243,164 22,46 22,46 22,46 22,47 22,47 22,48 22,48 22,48 22,48 22,48 22,48 22,49 22,49 22,49 22,50 22,50 22,50 22,50 22,50 22,50 22,51 22,51 22,51 22,54 22,54 22,54 22,54 22,54 22,55 22,55 22,55 22,55 22,56 22,56 22,56 22,57 22,57 22,57 22,57 22,57 22,58 22,58 22,58 22,58 22,59 22,59 22,59 22,59 22,59 22,60 22,60 22,60 22,60 22,61 22,61 22,61 22,61 22,61 22,61 22,62 22,62 22,62 22,62 22,63 22,63 22,63 22,63 22,63 22,63 22,64 22,64 22,64 22,64 22,65 22,65 22,65 22,66 22,66 22,66 22,67 22,67 22,67 22,67 22,68 22,68 22,68 22,69 22,69 22,70
254,243,164 23,48 23,48 23,48 23,48 23,48 23,48
254,243,164 23,151 23,152
254,243,164 24,22 24,23 24,23 24,24 24,24 24,24 24,25 24,25 24,26 24,26 24,26 24,27 24,29 24,29 24,29 24,30 24,30 24,30 24,30 24,30 24,30 24,30 24,30 24,30 24,31 24,31 24,31 24,31 24,32 24,32 24,33 24,33 24,33 24,33 24,33 24,34 24,34 24,34 24,34 24,34 24,34 24,35 24,35 24,35 24,35 24,35 24,35 24,35 24,35 24,35 24,36 24,36 24,36 24,36 24,36 24,36 24,37 24,37 24,37 24,37 24,37 24,37 24,37 24,37 24,37 24,38 24,38 24,38 24,38 24,38 24,38 24,39 24,39 24,39 24,39 24,39 24,39 24,39 24,39 24,39 24,40 24,40 24,40 24,40 24,40 24,40 24,41 24,41 24,41 24,41 24,41 24,41 24,41 24,41 24,41 24,42 24,42 24,42 24,42 24,42 24,42 24,43 24,43 24,43 24,43 24,43 24,43 24,43 24,43 24,43 24,44 24,44 24,44 24,44 24,44 24,44 24,45 24,45 24,45 24,45 24,45 24,45 24,46 24,46 24,46 24,46 24,46 24,46 24,46 24,46 24,46 24,47 24,47 24,47 24,47 24,47 24,47 24,48 24,48 24,48 24,48 24,48
254,243,164 25,4 25,5 25,5
254,243,164 25,22 25,22 25,23 25,23 25,23 25,23 25,24 25,24 25,24 25,24 25,24 25,24 25,25 25,25 25,25 25,25 25,26 25,26 25,26 25,26 25,26 25,26 25,27 25,27 25,29 25,29 25,30 25,30 25,30 25,30 25,30 25,31 25,31 25,31 25,31 25,32 25,32 25,32 25,33 25,33 25,33 25,33 25,33 25,34 25,34 25,34 25,34 25,35 25,35 25,35 25,35 25,35 25,35 25,36 25,36 25,36 25,36 25,37 25,37 25,37 25,37 25,37 25,37 25,38 25,38 25,38 25,38 25,39 25,39 25,39 25,39 25,39 25,39 25,40 25,40 25,40 25,40 25,41 25,41 25,41 25,41 25,41 25,41 25,42 25,42 25,42 25,42 25,43 25,43 25,43 25,43 25,43 25,43 25,44 25,44 25,44 25,44 25,45 25,45 25,45 25,45 25,46 25,46 25,46 25,46 25,46 25,46 25,47 25,47 25,47 25,47
254,243,164 25,129 25,129
254,243,164 26,43 26,44 26,44 26,45 26,45 26,46 26,46 26,46 26,47 26,47 26,48 26,48 26,48 26,49 26,49 26,50 26,50 26,50 26,51 26,51 26,52 26,52 26,52 26,53 26,53 26,54 26,54 26,54 26,55 26,55 26,56 26,56 26,57 26,57 26,57 26,58 26,58 26,59 26,59 26,59 26,60 26,60 26,61 26,61 26,61 26,62 26,62 26,63 26,63 26,63 26,64 26,64 26,65 26,65 26,66 26,66 26,67 26,67 26,67 26,68 26,68 26,69 26,69 26,70 26,70 26,71 26,71 26,74 26,74 26,74 26,75 26,75 26,76 26,76 26,76 26,77 26,77 26,78 26,78 26,78 26,79 26,79 26,80 26,80 26,80
253,234,192 19,170 19,170 19,171 19,171 19,172 19,172 19,172 19,173 19,173
253,234,192 19,177 19,177 19,178 19,178 19,178 19,178 19,178 19,179 19,179 19,179 19,179 19,180 19,180 19,180 19,181 19,181 19,182 19,182 19,182 19,182 19,183 19,183
253,234,192 20,154 20,154 20,155 20,156 20,156 20,157 20,157
253,234,192 20,169 20,169
253,234,192 20,178 20,178 20,178 20,179 20,179 20,182 20,182 20,183
253,234,192 21,154 21,154 21,154 21,155 21,155 21,156 21,156 21,157 21,157 21,159 21,159
253,234,192 25,161 25,162 25,162 25,163 25,163 25,165 25,166
253,234,192 29,4
222,176,92 5,5 5,5
253,233,184 17,191 17,191 17,192 17,192 17,193 17,193 17,193 17,194 17,194
253,233,184 19,174 19,174 19,174 19,175 19,175 19,176 19,176 19,176
253,233,184 19,180 19,180 19,180 19,181 19,181 19,183 19,183 19,183 19,184 19,184
253,233,184 20,125 20,125
253,233,184 20,180 20,180 20,180 20,181 20,181 20,183
253,233,184 21,163 21,163 21,163 21,164 21,164 21,165 21,165 21,165 21,166 21,166 21,167 21,167 21,167 21,168 21,168 21,169 21,169 21,170 21,170 21,170
253,233,184 25,159 25,159
253,233,184 29,5 29,5 29,6
252,207,124 5,102 5,102 5,102 5,103 5,103 5,104 5,104 5,104 5,105 5,105
252,207,124 12,5
252,207,124 12,9
252,207,124 13,5
252,207,124 19,11 20,12 20,13
253,216,113 13,81 13,82
253,216,113 13,114 13,114 13,115 13,115 13,115 13,116 13,116 13,117 13,117 13,117 13,118 13,118 13,119 13,119 13,120 13,120 13,120 13,121 13,121 13,122 13,122 13,122 13,123 13,123 13,124 13,124 13,124 13,125 13,125 13,126 13,126 13,126 13,127 13,127
253,216,113 14,5
253,216,113 14,122 14,122 14,122 14,122 14,123 14,123 14,123 14,123 14,124 14,126
253,216,113 15,5
253,216,113 15,9 15,12
253,216,113 15,122 15,123 15,123 15,124
253,216,113 15,135 15,135 15,135
253,216,113 15,146 15,147 15,147 15,148 15,150
253,216,113 16,9 16,9
253,216,113 16,135
253,216,113 16,140 16,141 16,141 16,141 16,142 16,142 16,143 16,143 16,144 16,144 16,145 16,145 16,146 16,146 16,146 16,148 16,149
253,216,113 17,9 17,11 17,11 17,12
253,216,113 17,102 17,103 17,103 17,104 17,104 17,104 17,105 17,105 17,106 17,106 17,107 17,107 17,107 17,108 17,108 17,109 17,109 17,109 17,110 17,110 17,111 17,111 17,111 17,112 17,112 17,113 17,113 17,113
253,216,113 18,5
253,216,113 18,33 18,34 18,34 18,35 18,35 18,35 18,36 18,36 18,37 18,37 18,37 18,38 18,38 18,39 18,39 18,39 18,40 18,40 18,41 18,41 18,42 18,42 18,43 18,43 18,43 18,44 18,44 18,45 18,45 18,46 18,46 18,46 18,47 18,47 18,48 18,48 18,48 18,49 18,49
253,216,113 18,72 18,73 18,73 18,74 18,74 18,74
253,216,113 19,33 19,34 19,34 19,35 19,35 19,36 19,36 19,37 19,37 19,37 19,38 19,38 19,39 19,39
253,216,113 19,72 19,73 19,73 19,74 19,74 19,74 19,75 19,75 19,76 19,76 19,76 19,77 19,77 19,78 19,78 19,78 19,79 19,79 19,80
253,216,113 20,13 20,13 20,14
253,216,113 27,8 28,7
253,216,113 28,19 28,19 28,20 28,20
253,216,113 29,18 29,19 29,19 29,20 29,20
253,222,115 15,5 15,5
253,222,115 17,117 17,117 17,117 17,118 17,118 17,119 17,119 17,120 17,120 17,120 17,121 17,121 17,122 17,122 17,122 17,123 17,123
253,222,115 18,33 18,33 19,33 19,33 19,34 19,34 19,35 19,35 19,36 19,36 19,37 19,38 19,38 19,39 19,39
253,222,115 20,31 20,32 20,32 20,33 20,33 20,33 20,34 20,34 20,35 20,35 20,35 20,36 20,36 20,37 20,37 20,37 20,38 20,38 20,39 20,39 20,39 20,40
253,222,115 28,9 28,11 28,11 28,11 28,11 28,12 28,12 28,13 28,13 28,13 28,15 28,16 28,16 28,17 28,17 28,17 28,17 28,17 28,18 28,18 28,18 28,19 28,19 28,20 28,20 28,20 28,20 28,21 28,21 28,21 28,21 28,22 28,22 28,22 28,22 28,22 28,22 28,23 28,23 28,23 28,23 28,24 28,24 28,24 28,24 28,24 28,25 28,25 28,25 28,25 28,26 28,26 28,26 28,26 28,26 28,26 28,27 28,27 28,27 28,27 28,28 28,28 28,28 28,28 28,28 28,28 28,29 28,29 28,29 28,29 28,30 28,30 28,30 28,30 28,30 28,30 28,31 28,31 28,31 28,32 28,32 28,33 28,33 28,34 28,36 28,36 28,37 28,37 28,37 28,38 28,38 28,39 28,39 28,41 28,41 28,41 28,42 28,42 28,43
253,222,115 28,47 28,48 28,48 28,48
253,222,115 29,11 29,11 29,12 29,12 29,13 29,13 29,13
253,222,115 29,17 29,17 29,18 29,20 29,21 29,21 29,22 29,22 29,22 29,23 29,23 29,24 29,24 29,24 29,25 29,25 29,26 29,26 29,26 29,27 29,27 29,28 29,28 29,28 29,29 29,29 29,30 29,30 29,30 29,31
254,231,131 20,5 20,5
254,231,131 22,11 22,11 22,12 22,12 22,12 22,13
254,231,131 25,136 25,137 25,137 25,137 25,138 25,138 25,139 25,139 25,139 25,140 25,140 25,141 25,141 25,141 25,142 25,142 25,143 25,143 25,143 25,144
254,231,131 25,149 25,150 25,150 25,150 25,152
254,231,131 27,18 27,19 27,19 27,20 27,20 27,20 27,21 27,24 27,25 27,25 27,26 27,26 27,26 27,27 27,27 27,28 27,28 27,28 27,29 27,29 27,30 27,30 27,30 27,31
254,231,131 27,47 27,47 27,48 27,48 27,48 27,49 27,49 27,50 27,50 27,50 27,51 27,51 27,52 27,52 27,52 27,53 27,53 27,54 27,54 27,54 27,55 27,55 27,56 27,56 27,57 27,57 27,57 27,58 27,58 27,59 27,59 27,59 27,60 27,60 27,61 27,61 27,61 27,62 27,62 27,63 27,63 27,63 27,64 27,64 27,65
254,231,131 27,75 27,76 27,76 27,76 27,77 27,77 27,78 27,78 27,78 27,79 27,79 27,80 27,80 27,80 27,81
254,231,131 27,118 27,118
254,231,131 27,127 27,127
254,231,131 28,55 28,55 29,55 29,55 29,57 29,57
254,231,131 29,77 29,78 29,79 29,80 29,81
178,130,42 4,7
196,160,60 9,7
206,162,62 11,7
206,162,62 13,135 13,136
206,162,62 13,149 13,150 13,150
206,162,62 15,185 15,185 15,186 15,186 15,186
202,155,63 11,7 11,7
202,155,63 11,11
202,155,63 11,71 11,72 11,72 11,72 11,73
202,155,63 11,77 11,78 11,78 11,78 11,79 11,79 11,80 11,80 11,80 11,81
202,155,63 12,11
202,155,63 15,167 15,168 15,168 15,168 15,168
212,165,62 13,7
212,165,62 13,137 13,138 13,138 13,139 13,142 13,143 13,143 13,143 13,144 13,144 13,145 13,145 13,146 13,146
212,165,62 15,169 15,169
212,165,62 17,7
199,159,41 15,7 15,7 16,7
206,163,53 13,136
206,163,53 13,147 13,148 13,148 13,148 13,149 13,150
206,163,53 16,7
226,183,74 19,7 19,7 20,7 20,7
224,182,86 12,114 12,115 12,115 12,115 12,116 12,116 12,117 12,117 12,117 12,118 12,118 12,119 12,119 12,120 12,120 12,120 12,121 12,121 12,122 12,122 12,122
224,182,86 13,131
224,182,86 15,181 15,181 15,182 15,182
224,182,86 20,7 21,7
240,219,120 23,7
226,204,103 24,7 24,7 25,7
247,206,115 5,9
247,206,115 5,107 5,107 5,107 5,108 5,108 5,109 5,109 5,109 5,110 5,110 5,111 5,111 5,111
247,206,115 13,11 13,12 13,13 13,13 13,14 13,14 13,15 13,16 13,17 13,17 13,17 13,18 13,18 13,19 13,19 13,20 13,20 13,20 13,21 13,21 13,22 13,22 13,22 13,23 13,23 13,24 13,24 13,24 13,25 13,25 13,26 13,26 13,26 13,27 13,27 13,28 13,28 13,28 13,29 13,29 13,30 13,30 13,30 13,31 13,31 13,32 13,32
247,206,115 13,50 13,50 13,50 13,51 13,51 13,52 13,52 13,52 13,53 13,53 13,54 13,54 13,54 13,55 13,55 13,56 13,56 13,57 13,57 13,57 13,58 13,58 13,59 13,59 13,59 13,60 13,60 13,61 13,61 13,61 13,62 13,62 13,63 13,63 13,63 13,64 13,64 13,65 13,65 13,65 13,66 13,66 13,67 13,67 13,67 13,68 13,68 13,69 13,69 13,70 13,73 13,74 13,74 13,74 13,75 13,75 13,76 13,76 13,76 13,77
247,206,115 13,178 13,178 13,179
247,206,115 14,11 14,11 14,12 14,12 14,12 14,13 14,13 14,13 14,15 14,16 14,17 14,17 14,17 14,18 14,18 14,19 14,19 14,20 14,20 14,20 14,21 14,21 14,22 14,22 14,22 14,23 14,23 14,24 14,24 14,24 14,25 14,25 14,26 14,26 14,26 14,27 14,27 14,28 14,28 14,28 14,29 14,29 14,30 14,30 14,30 14,31 14,31 14,32 14,32
247,206,115 14,50 14,50 14,50 14,51 14,51 14,52 14,52 14,52 14,53 14,53 14,54 14,54 14,54 14,55 14,55 14,56 14,56 14,57 14,57 14,57 14,58 14,58 14,59 14,59 14,59 14,60 14,60 14,61 14,61 14,61 14,62 14,62 14,63 14,63 14,63 14,64 14,64 14,65 14,65 14,66 14,66
247,206,115 14,74 14,74 14,74 14,75 14,75 14,76 14,76 14,76 14,77
247,206,115 15,11 15,11 15,11
247,206,115 20,71 20,72
247,206,115 23,156 23,156
225,173,85 5,125
225,173,85 13,9
225,173,85 15,173 15,173 15,174 15,174 15,174
254,231,126 25,145 25,146 25,146 25,146 25,147 25,147 25,148 25,148 25,148 25,149
254,231,126 27,17 27,17 27,18 27,21 27,22 27,22 27,22 27,23 27,23 27,24 27,24
254,231,126 27,31 27,32 27,32 27,33 27,33 27,33 27,34 27,34 27,35 27,35 27,35 27,36 27,36 27,37 27,37 27,37 27,38 27,38 27,39 27,39 27,39 27,40 27,40 27,41 27,41 27,41 27,42 27,42 27,43 27,43 27,43 27,44 27,44 27,45 27,45 27,46 27,46 27,46
254,231,126 27,65 27,65 27,68 27,68 27,69 27,69 27,70 27,70 27,70 27,71 27,71 27,72 27,72 27,72 27,73 27,73 27,74 27,74 27,74 27,75
254,231,126 27,114 27,114 27,115 27,115 27,115 27,116 27,116 27,117 27,117 27,117 27,119 27,119 27,120
254,231,126 27,124 27,124 27,125 27,125 27,126 27,126 27,126
254,231,126 28,9
254,231,126 28,76 28,76 28,76 28,77 28,77 28,79 28,79
254,231,126 29,9
254,240,145 22,10 22,11 23,10 23,11 23,11 23,11 23,11 23,12
254,240,145 26,25 26,26 26,26
254,240,145 26,32 26,32 26,33 26,33
247,206,104 13,39 13,40 13,40 13,43 13,43 13,43 13,44 13,44 13,47 13,47 13,48 13,48 13,48 13,49 13,49
247,206,104 14,15 14,15 14,15 14,16 14,16 14,17 14,17 14,17 14,18 14,18 14,19 14,19 14,20 14,20 14,20 14,21 14,21 14,22 14,22 14,22 14,23 14,23 14,24
247,206,104 14,30 14,31 14,31 14,32 14,32
247,206,104 14,39 14,40 14,40 14,43 14,43 14,43 14,44 14,44 14,47 14,47 14,48 14,48 14,48 14,48 14,48 14,48 14,49 14,49 14,49 14,49 14,50 14,50 14,50 14,51 14,51 14,52 14,52 14,52 14,53 14,53 14,54 14,54 14,54 14,55 14,55 14,56 14,56 14,57 14,57 14,57 14,58 14,58 14,59 14,59 14,59 14,60 14,60 14,61 14,61 14,61 14,62 14,62 14,63 14,63 14,63 14,64 14,64 14,65 14,65 14,66 14,66
247,206,104 14,74 14,74 14,74 14,75 14,76 14,76 14,76 14,77 14,77 14,78 14,78 14,78 14,79 14,80 14,80 14,80
247,206,104 15,11 15,11 15,14 15,15 15,15 15,15 15,16 15,16 15,17 15,17 15,17 15,18 15,18 15,19 15,19 15,20 15,20 15,20 15,21 15,21 15,22 15,22 15,22 15,23 15,23 15,24
247,206,104 15,30 15,31 15,31 15,32 15,32
247,206,104 15,48 15,48 15,48 15,49 15,49 15,50 15,50 15,50 15,51 15,51 15,52 15,52 15,52 15,52 15,52 15,52 15,52 15,52 15,52 15,53 15,53 15,53 15,53 15,53 15,53 15,54 15,54 15,54 15,54 15,54 15,54 15,54 15,54 15,54 15,55 15,55 15,55 15,55 15,55 15,55 15,56 15,56 15,56 15,56 15,56 15,56 15,57 15,57 15,57 15,57 15,57 15,58 15,58 15,59 15,59 15,60 15,60 15,61 15,61
247,206,104 15,65 15,67 15,67 15,68 15,68 15,69 15,69 15,70 15,70 15,70 15,71 15,71 15,72 15,72 15,72 15,73 15,73 15,74 15,74 15,74 15,75 15,75 15,76 15,76 15,76 15,77 15,77 15,78 15,78 15,78 15,79 15,79 15,80 15,80 15,80 15,81
247,206,104 16,52 16,52 16,52 16,53 16,53 16,54 16,54 16,54 16,55 16,55 16,56 16,56
247,206,104 16,152
247,206,104 18,68
247,206,104 20,69 20,70 20,70 20,70 20,71
247,206,104 23,157 23,158 23,158 23,159 23,159 23,161 23,161 23,161 23,162
234,183,94 4,11
234,183,94 15,152
234,183,94 15,175 15,175 15,176 15,176 15,176 15,177 15,177 15,178 15,178 15,178
196,148,61 11,39 11,40 11,40 11,43 11,43 11,43 11,44 11,44
196,148,61 11,49 11,49 11,50 11,50 11,50 11,51 11,51 11,52 11,52 11,52
196,148,61 12,11
254,247,213 20,129 20,129 20,130 20,131 20,131 20,132 20,132 20,133 20,133 20,133 20,134 20,135 20,135 20,135 20,135 20,135 20,135 20,136 20,136 20,136 20,136 20,137 20,137 20,137 20,138
254,247,213 20,142 20,143 20,143 20,143 20,144 20,144 20,145 20,145 20,146 20,146 20,147 20,147 20,148 20,148 20,148 20,148 20,148 20,149 20,149 20,149 20,150 20,150 20,150 20,150 20,150 20,150
254,247,213 21,125 21,125 21,125 21,125 21,126 21,126 21,126 21,126 21,126 21,126
254,247,213 21,131 21,131 21,131 21,131 21,132 21,132 21,132 21,132 21,133 21,133 21,133 21,133 21,133 21,133 21,134 21,134 21,135 21,135 21,135 21,135 21,136 21,136 21,136 21,136 21,137 21,137 21,137 21,137 21,137 21,137 21,138 21,138
254,247,213 21,142 21,142 21,143 21,143 21,143 21,143 21,143 21,143 21,144 21,144 21,144 21,144 21,145 21,145 21,145 21,145 21,146 21,146 21,146 21,146 21,147 21,148 21,148 21,148 21,149 21,150 21,150
254,247,213 22,123 22,123 22,123 22,123 22,124 22,124 22,124 22,124 22,124 22,124 22,125 22,125 22,125 22,125 22,126 22,126
254,247,213 22,130 22,131 22,131 22,132
254,247,213 31,11 31,12 31,12 31,13 31,14 31,14 31,15 31,15 31,15 31,16 31,16 31,17 31,17 31,17 31,18 31,18 31,19 31,19 31,20
254,247,213 31,31 31,31 31,32 31,32
250,207,115 13,12 13,13 13,15 13,15 13,16
250,207,115 13,70 13,70 13,71 13,71 13,72 13,72 13,72 13,73
250,207,115 13,77 13,78 13,78 13,78 13,79 13,79 13,80 13,80 13,80 13,81
250,207,115 14,12 14,13 14,13 14,14 14,15 14,15 14,16
250,207,115 14,78 14,78 14,78 14,79 14,79 14,80 14,80 14,80
250,207,115 15,13
252,212,96 15,14 15,15 15,16 15,17 15,17 15,17 15,17 15,17 15,17 15,18 15,18 15,18 15,18 15,19 15,19 15,19 15,19 15,20 15,20 15,20 15,20 15,20 15,20 15,21 15,21 15,21 15,21 15,22 15,22 15,22 15,22 15,22 15,22 15,23 15,23 15,23 15,23 15,24 15,24 15,24 15,24 15,26 15,26 15,27 15,27 15,27 15,27 15,28 15,28 15,28 15,28 15,28 15,28 15,29 15,29 15,29 15,29 15,30 15,30 15,30 15,30 15,30 15,30 15,31 15,31
252,212,96 15,93 15,93 15,94 15,94 15,94 15,94 15,95 15,95 15,95 15,95 15,96 15,96 15,96 15,96 15,96 15,96 15,97 15,97 15,97 15,97 15,98 15,98 15,99 15,99 15,99 15,99 15,100 15,100 15,100 15,100 15,100 15,100 15,101 15,101 15,101 15,101 15,102 15,102 15,102 15,102 15,102 15,102 15,103 15,103 15,103 15,103 15,104 15,104 15,104 15,104 15,104 15,104 15,105 15,105 15,105 15,105 15,106 15,106 15,106 15,106 15,107 15,107 15,107 15,107 15,107 15,107 15,108 15,108 15,108 15,108 15,109 15,109 15,109 15,109 15,109 15,109 15,110 15,110 15,110 15,110 15,111 15,111 15,111 15,111 15,111 15,111 15,112 15,112 15,112 15,112 15,113 15,113 15,113 15,113 15,113 15,113
252,212,96 16,15 16,17 16,17 16,17 16,17 16,18 16,18 16,19 16,19 16,20 16,20 16,20 16,21 16,21 16,22 16,22 16,22 16,23 16,23 16,24 16,24 16,26 16,27 16,27 16,28 16,29 16,29 16,30 16,30 16,30 16,31 16,32 16,32 16,33 16,33
252,212,96 16,50 16,50 16,50 16,51 16,51
252,212,96 16,76 16,76 16,77 16,77 16,78 16,78 16,78 16,79 16,79 16,80 16,80 16,80 16,81
252,212,96 16,87 16,88 16,88 16,89 16,89 16,89 16,90 16,90 16,91 16,91 16,91 16,92 16,92 16,93 16,93 16,93 16,93 16,94 16,94 16,94 16,94 16,95 16,95 16,95 16,95 16,96 16,96 16,96 16,96 16,96 16,96 16,97 16,97 16,97 16,97 16,98 16,98 16,98 16,98 16,99 16,99 16,99 16,99 16,100 16,100 16,100 16,100 16,100 16,100 16,101 16,101 16,101 16,101 16,102 16,102 16,102 16,102 16,102 16,102 16,103 16,103 16,103 16,103 16,104 16,104 16,104 16,104 16,104 16,104 16,105 16,105 16,105 16,105 16,106 16,106 16,106 16,106 16,107 16,107 16,107 16,107 16,107 16,107 16,108 16,108 16,109 16,109 16,109 16,110 16,110 16,111 16,111 16,111 16,112 16,112 16,113 16,113 16,113
252,212,96 16,119 16,119 16,120 16,120 16,120 16,121 16,121 16,122 16,123 16,123 16,124
252,212,96 17,13 17,13 17,13 17,13 17,13 17,14 17,14 17,14 17,15 17,15 17,16 17,16 17,16 17,16 17,17 17,17 17,17
252,212,96 17,24 17,24 17,25 17,25 17,25 17,25 17,26 17,26 17,26 17,26 17,26 17,26 17,27 17,27 17,27 17,27 17,28 17,28 17,28 17,28 17,28 17,28 17,29 17,29 17,31 17,32 17,32 17,33 17,33
252,212,96 17,49 17,49 17,49 17,49 17,50 17,50 17,50 17,50 17,50 17,50 17,50 17,50 17,50 17,51 17,51 17,51 17,51 17,51 17,51 17,52 17,52 17,52 17,52 17,52 17,52 17,53 17,53 17,53 17,53 17,54 17,54 17,54 17,54 17,54 17,54 17,55 17,55 17,55 17,55 17,56 17,56 17,56 17,56 17,57 17,57 17,57 17,57 17,57 17,57 17,58 17,58 17,58 17,58 17,59 17,59 17,59 17,59 17,59 17,59
252,212,96 17,65 17,65 17,66 17,66 17,67 17,67 17,67 17,68 17,68 17,69 17,69 17,70 17,70 17,70 17,70 17,71 17,71 17,71 17,71 17,72 17,72 17,72 17,72 17,72 17,72 17,73 17,73 17,73 17,73 17,74 17,74 17,74 17,74 17,74 17,74 17,75 17,75 17,75 17,75 17,76 17,76 17,76 17,76 17,76 17,76 17,76 17,76 17,77 17,77 17,77 17,77 17,77 17,77 17,78 17,78 17,78 17,78 17,78 17,79 17,79 17,80 17,80 17,80 17,80 17,80 17,80 17,80 17,81 17,81 17,81 17,81 17,81 17,82 17,82 17,82 17,83 17,83 17,83 17,83 17,83 17,83 17,84 17,84 17,84 17,84 17,85 17,85 17,85 17,85 17,85 17,86 17,86 17,86 17,86 17,87 17,87 17,87 17,87 17,87 17,87 17,87 17,88 17,88 17,88 17,88 17,88 17,88 17,89 17,89 17,89 17,89 17,89 17,89 17,89 17,89 17,89 17,90 17,90 17,90 17,90 17,90 17,91 17,91 17,91 17,91 17,91 17,91 17,91 17,91 17,91 17,92 17,92 17,92 17,93 17,93 17,93 17,93 17,93 17,93 17,93 17,93 17,93 17,94
252,212,96 18,15 18,15 18,15 18,16 18,17
252,212,96 18,25 18,25 18,26 18,26 18,26 18,27 18,27 18,28 18,28 18,28 18,29
252,212,96 18,49 18,49 18,50 18,50 18,50 18,51 18,51 18,52 18,52 18,52 18,53 18,53 18,54 18,54 18,54 18,55 18,55 18,56 18,56 18,57 18,57 18,57 18,58 18,58 18,59 18,59 18,59
252,212,96 18,68 18,69 18,70 18,70 18,70 18,71 18,71 18,72 18,72 18,73 18,73 18,74 18,74 18,74 18,75 18,75
252,212,96 19,15 19,15 19,16
227,193,114 4,13 4,14
227,193,114 17,168
227,193,114 23,176
231,186,100 4,13 4,14 4,17 4,17 4,17 4,18
192,145,54 11,13
192,145,54 11,24 11,25 11,25 11,26 11,26 11,26 11,27 11,27 11,28 11,28
192,145,54 11,53 11,53 11,54 11,54 11,54 11,55 11,55 11,56 11,56 11,57 11,57 11,57 11,58 11,58 11,59 11,59 11,59 11,60 11,60 11,61 11,61 11,61 11,62 11,62 11,63 11,63 11,63 11,64 11,64 11,65
192,145,54 15,166
192,145,54 15,188 15,188
192,145,54 17,157 17,158 17,158 17,161 17,162
246,212,104 15,13 15,13 15,14
246,212,104 15,81 15,82 15,82 15,83 15,83 15,83 15,84 15,84 15,85 15,85 15,85 15,86 15,86 15,87 15,87 15,87 15,88 15,88 15,89 15,89 15,89 15,90 15,90 15,91 15,91 15,91 15,92 15,92 15,93 15,93 15,93 15,94 15,94 15,95 15,95 15,96 15,96 15,96 15,97 15,97
246,212,104 15,122
246,212,104 15,126
246,212,104 15,137
246,212,104 15,150
246,212,104 16,137 16,137 16,137 16,137 16,138
246,212,104 20,41 20,41 20,42 20,42 20,43 20,43 20,43 20,44 20,44 20,45 20,45 20,46 20,46 20,46
252,223,104 16,124
252,223,104 18,16 18,17 18,17 18,17 18,18 18,18 18,19 18,19 18,20 18,20 18,20 18,21 18,21 18,22 18,22 18,22 18,23 18,23 18,24 18,24 18,24 18,25 18,25 18,26 18,26 18,26 18,27 18,27 18,28 18,28 18,28 18,29 18,29 18,30 18,30 18,30 18,31 18,32
252,223,104 19,16 19,17 19,17 19,17 19,17 19,17 19,18 19,18 19,18 19,18 19,19 19,19 19,19 19,20 19,20 19,20 19,21 19,21 19,21 19,21 19,22 19,22 19,22 19,22 19,22 19,22 19,23 19,23 19,23 19,23 19,24 19,24
252,223,104 20,16 20,17 20,17 20,17 20,18 20,18 20,19 20,19 20,20 20,20 20,20 20,21 20,21 20,22 20,22 20,22 20,23 20,23 20,24 20,24 20,24 20,25 20,25 20,26 20,26 20,26 20,27 20,27 20,28 20,28 20,28 20,29 20,29 20,30 20,30 20,30 20,31
252,223,104 28,13
254,222,93 17,14 17,14 17,14 17,15 17,15 17,15 18,15
254,247,174 20,174 20,175 20,176 20,176
254,247,174 21,80 21,80 21,80 21,80 21,81 21,81 21,81 21,82 21,82 21,83 21,83 21,83 21,84 21,84 21,84 21,84 21,85 21,85 21,85 21,85 21,85 21,85 21,86 21,86 21,86 21,86 21,87 21,87 21,87 21,87
254,247,174 21,174 21,174 21,174 21,175 21,175 21,176 21,176
254,247,174 22,49 22,49 22,50 22,50 22,50 22,51 22,51 22,52 22,52 22,52 22,53 22,53 22,54 22,54 22,54 22,55 22,55 22,56 22,56 22,57 22,57 22,57 22,58 22,58 22,59 22,59 22,59 22,60 22,60 22,61 22,61 22,61 22,62 22,62 22,63 22,63 22,63 22,64 22,64 22,65 22,65 22,65 22,66 22,66 22,67 22,67 22,67 22,68 22,68 22,69 22,69 22,70 22,70 22,70 22,70 22,71 22,71 22,71 22,71 22,72 22,72 22,72 22,72 22,72 22,72 22,73 22,73 22,73 22,73 22,74 22,74 22,74 22,75 22,75 22,75 22,76 22,76 22,76 22,76 22,76 22,76 22,77 22,77 22,77 22,77 22,78 22,78 22,78 22,78 22,78 22,78 22,79 22,79 22,79 22,79 22,80 22,80 22,80 22,80 22,80 22,80 22,81 22,81
254,247,174 23,49 23,49 23,49 23,49 23,50 23,50 23,50 23,50 23,50 23,50 23,51 23,51 23,51 23,51 23,52 23,52 23,52 23,52 23,52 23,52 23,53 23,53 23,53 23,53 23,54 23,54 23,54 23,54 23,54 23,54 23,55 23,55 23,55 23,55 23,56 23,56 23,56 23,56 23,57 23,57 23,57 23,57 23,57 23,57 23,58 23,58 23,58 23,58 23,59 23,59 23,59 23,59 23,59 23,59 23,60 23,60 23,60 23,60 23,61 23,61 23,61 23,61 23,61 23,61 23,62 23,62 23,62 23,62 23,63 23,63 23,63 23,63 23,63 23,63 23,64 23,64 23,64 23,64 23,65 23,65 23,65 23,65 23,65 23,65 23,66 23,66 23,66 23,66 23,67 23,67 23,67 23,67 23,67 23,67 23,68 23,68 23,68 23,68 23,69 23,69 23,69 23,69 23,70 23,70
254,247,174 23,137 23,137 23,138 23,138 23,139 23,139 23,139 23,140 23,140 23,141 23,141 23,141 23,142 23,142 23,143 23,143 23,143 23,144 23,144 23,145 23,145 23,146 23,146 23,146 23,147
254,247,174 24,48 24,48 24,48 24,49 24,49 24,49 24,49 24,49 24,49 24,50 24,50 24,50 24,50 24,50 24,50 24,50 24,50 24,50 24,51 24,51 24,51 24,51 24,51 24,51 24,52 24,52 24,52 24,52 24,52 24,52 24,52 24,52 24,52 24,53 24,53 24,53 24,53 24,53 24,53 24,54 24,54 24,54 24,54 24,54 24,54 24,54 24,54 24,54 24,55 24,55 24,55 24,55 24,55 24,55 24,56 24,56 24,56 24,56 24,56 24,56 24,57 24,57 24,57 24,57 24,57 24,57 24,57 24,57 24,57 24,58 24,58 24,58 24,58 24,58 24,58 24,59 24,59 24,59 24,59 24,59 24,59 24,59 24,59 24,59 24,60 24,60 24,60 24,60 24,60 24,60 24,61 24,61 24,61 24,61 24,61 24,61 24,61 24,61 24,61 24,62 24,62 24,62 24,62 24,62 24,62 24,63 24,63 24,63 24,63 24,63 24,63 24,63 24,63 24,63 24,64 24,64 24,64 24,64 24,64 24,64 24,65 24,65 24,65 24,65 24,65 24,65 24,65 24,65 24,65 24,66 24,66 24,66 24,66 24,66 24,66 24,67 24,67 24,67 24,67 24,67 24,67 24,67 24,67 24,67 24,68 24,68 24,68 24,68 24,68 24,68 24,69 24,69 24,69 24,69 24,70 24,70 24,70 24,71 24,71 24,72 24,72 24,72 24,73 24,73 24,74 24,74 24,74 24,75 24,75 24,76 24,76 24,76 24,77 24,77 24,78 24,78 24,78 24,79 24,79 24,80 24,80 24,80 24,81
254,247,174 25,15
254,247,174 25,48 25,48 25,48 25,48 25,48 25,49 25,49 25,49 25,49 25,50 25,50 25,50 25,50 25,50 25,50 25,51 25,51 25,51 25,51 25,52 25,52 25,52 25,52 25,52 25,52 25,53 25,53 25,53 25,53 25,54 25,54 25,54 25,54 25,54 25,54 25,55 25,55 25,55 25,55 25,56 25,56 25,56 25,56 25,57 25,57 25,57 25,57 25,57 25,57 25,58 25,58 25,58 25,58 25,59 25,59 25,59 25,59 25,59 25,59 25,60 25,60 25,60 25,60 25,61 25,61 25,61 25,61 25,61 25,61 25,62 25,62 25,62 25,62 25,63 25,63 25,63 25,63 25,63 25,63 25,64 25,64 25,64 25,64 25,65 25,65 25,65 25,65 25,65 25,65 25,66 25,66 25,66 25,66 25,67 25,67 25,67 25,67 25,67 25,67 25,68 25,68 25,68 25,68 25,69 25,69 25,69 25,69 25,70 25,70 25,70 25,70 25,70 25,71 25,71 25,71 25,71 25,72 25,72 25,72 25,73 25,73 25,74 25,74 25,74 25,74 25,74 25,74 25,75 25,75 25,75 25,75 25,76 25,76 25,76 25,76 25,76 25,76 25,77 25,77 25,77 25,77 25,78 25,78 25,78 25,78 25,78 25,78 25,79 25,79 25,79 25,79 25,80 25,80 25,80 25,80 25,80 25,80 25,81 25,81
254,247,174 25,127 25,127 25,128 25,128 25,128
254,247,174 26,83
254,247,174 26,87 26,88 26,88 26,89 26,89 26,89
254,247,174 26,94 26,94
247,212,94 15,15 15,15 15,15 15,16
247,212,94 15,73 15,73 15,74 15,74 15,74 15,74 15,74 15,74 15,75 15,75 15,75 15,75 15,76 15,76 15,76 15,76 15,76 15,76 15,77 15,77 15,77 15,77 15,78 15,78 15,78 15,78 15,78 15,78 15,79 15,79 15,79 15,79 15,80 15,80 15,80 15,80 15,80 15,80 15,81 15,81 15,81 15,81 15,82 15,82 15,82 15,82 15,83 15,83 15,83 15,83 15,83 15,83 15,84 15,84 15,84 15,84 15,85 15,85 15,85 15,85 15,85 15,85 15,86 15,86 15,86 15,86 15,87 15,87 15,87 15,87 15,87 15,87 15,88 15,88 15,88 15,88 15,89 15,89 15,89 15,89 15,89 15,89 15,90 15,90 15,90 15,90 15,91 15,91 15,91 15,91 15,91 15,91 15,92 15,92 15,92 15,92 15,93 15,93 15,93 15,93
247,212,94 15,98 15,98 15,98 15,98
247,212,94 16,15
247,212,94 16,73 16,74 16,74 16,74 16,74 16,74 16,75 16,75 16,75 16,75 16,76 16,76 16,76 16,76 16,77 16,77 16,78 16,78 16,78 16,79 16,79 16,80 16,80 16,80 16,81 16,81 16,82 16,82 16,83 16,83 16,83 16,84 16,84 16,85 16,85 16,85 16,86 16,86 16,87 16,87 16,87 16,88 16,88 16,89 16,89 16,89 16,90 16,90 16,91 16,91 16,91 16,92 16,92 16,93 16,93
247,212,94 16,98 16,98
247,212,94 17,74 17,74 17,75 17,75 17,76
216,183,135 2,15
236,195,105 4,15
236,195,105 5,118 5,118 5,119 5,119 5,120 5,120 5,120 5,121 5,121 5,122 5,122 5,123 5,124
236,195,105 9,163 9,164 9,164
187,142,45 11,15 11,16 11,16 11,17 11,17 11,17 11,18 11,18 11,19 11,19 11,20 11,20 11,20 11,21 11,21 11,22 11,22 11,22 11,23 11,23 11,24 11,24
187,142,45 13,170 13,170
225,193,136 2,17 2,17 2,17 2,18 2,19 2,20 2,20 2,20 2,21 2,21 2,22 2,22 2,22 2,23 2,23 2,24 2,24 2,24 2,25 2,25 2,26 2,26 2,26 2,27 2,27 2,28 2,28 2,28 2,29 2,29 2,30 2,30
225,185,101 4,17 4,17 4,17 4,18
225,185,101 9,165 9,165 9,165 9,166
225,185,101 11,114 11,114 11,115 11,115 11,115 11,116 11,116 11,117 11,117 11,117 11,118 11,118 11,119 11,119 11,120 11,120 11,120 11,121 11,121 11,122 11,123 11,123 11,124
225,185,101 12,111 12,111 12,111 12,112 12,112 12,114 12,115 12,115 12,115 12,116 12,116 12,117 12,117 12,117 12,118 12,118 12,119 12,119 12,120 12,120 12,120 12,121 12,121 12,122 12,123 12,123 12,124
225,185,101 13,176
253,207,103 15,33 15,33 15,34 15,34 15,34 15,34 15,35 15,35 15,35 15,35 15,35 15,35 15,36 15,36 15,36 15,36 15,37 15,37 15,37 15,37 15,37 15,37 15,38 15,38 15,38 15,38 15,39 15,39 15,39 15,39 15,39 15,39 15,40 15,40 15,40 15,41 15,41 15,41 15,41 15,41 15,41 15,42 15,42 15,42 15,42 15,43 15,43 15,43 15,43 15,43 15,43 15,44 15,44 15,44 15,44 15,45 15,45 15,45 15,45 15,46 15,46 15,46 15,46 15,46 15,46 15,47 15,47 15,47 15,47 15,48 15,48 15,48 15,48 15,48 15,48
253,207,103 15,114 15,114 15,115 15,115 15,115 15,116 15,116 15,116 15,116 15,116 15,116 15,117 15,117 15,117 15,117 15,117 15,117 15,117 15,117 15,117 15,118 15,118 15,118 15,118 15,118 15,118 15,119 15,119 15,120
253,207,103 16,17 16,17 16,18 16,18 16,19 16,19 16,20 16,20 16,20 16,21 16,21 16,22 16,22 16,22 16,23 16,23 16,24 16,24 16,24 16,26 16,26 16,27 16,28 16,28 16,29 16,29 16,30 16,30 16,30 16,31 16,33 16,34 16,34 16,35 16,35 16,35 16,36 16,36 16,37 16,37 16,37 16,38 16,38 16,39 16,39 16,39 16,40 16,41 16,41 16,42 16,42 16,43 16,43 16,43 16,44 16,44 16,45 16,45 16,46 16,46 16,46 16,47 16,47 16,48 16,48 16,48
253,207,103 16,116 16,116 16,117 16,117 16,117 16,118 16,118
253,207,103 17,17 17,17 17,18 17,18 17,19 17,19 17,20 17,20 17,20 17,21 17,21 17,22 17,22 17,22 17,23 17,23 17,24 17,24 17,24 17,25 17,25 17,26 17,26 17,26 17,27 17,27 17,28 17,28 17,28 17,29 17,29 17,30 17,30 17,30 17,31
253,207,103 18,50 18,50 18,50 18,51 18,51 18,52 18,52 18,52 18,53 18,53 18,54 18,54 18,54 18,55 18,55 18,56 18,56 18,57 18,57 18,57 18,58 18,58 18,59 18,59 18,59 18,60 18,60 18,61 18,61 18,61 18,62 18,62 18,63 18,63
253,207,103 23,159 23,160 23,160
228,196,140 2,18 2,19
228,196,140 2,30
254,246,222 1,20 1,21 1,21 1,22
254,246,222 20,130 20,130
254,246,222 20,134 20,135
254,246,222 21,130 21,130 21,130 21,130
254,246,222 21,134 21,134 21,135 21,135
254,246,222 22,126 22,126 22,126 22,126 22,127 22,127 22,127 22,127 22,128 22,128 22,128 22,128 22,128 22,128 22,129 22,129 22,129 22,129 22,130
254,246,222 25,172 25,172
254,246,222 31,33 31,33 31,33 31,34 31,34 31,35 31,35 31,35 31,36 31,36 31,37 31,37 31,37 31,38 31,38 31,39 31,39 31,39 31,40 31,40 31,41 31,41 31,43 31,43 31,43 31,44 31,44 31,45 31,45 31,46 31,46 31,46 31,47 31,47
252,206,95 15,24 15,24 15,25 15,25 15,25 15,25 15,26 15,26 15,26 15,26
252,206,95 15,114 15,114 15,114 15,114 15,115 15,115 15,115 15,115 15,115 15,115
252,206,95 16,33 16,34 16,34 16,35 16,35 16,35 16,36 16,36 16,37 16,37 16,37 16,38 16,38 16,39 16,39 16,39 16,40 16,40 16,41 16,41 16,41 16,42 16,42 16,43 16,43 16,43 16,44 16,44 16,45 16,45 16,46 16,46 16,46 16,47 16,47 16,48 16,48 16,48 16,49 16,49 16,52 16,52 16,52 16,53 16,53 16,54 16,54 16,54 16,55 16,55 16,56 16,56 16,57 16,57 16,58 16,58 16,59 16,59
252,206,95 16,72 16,72 16,72 16,73 16,73 16,74
252,206,95 16,114 16,114 16,115 16,115 16,115
252,206,95 17,33 17,34 17,34 17,35 17,35 17,35 17,36 17,36 17,37 17,37 17,37 17,38 17,38 17,39 17,39 17,39 17,40 17,40 17,41 17,41 17,41 17,42 17,42 17,43 17,43 17,43 17,44 17,44 17,45 17,45 17,46 17,46 17,46 17,47 17,47 17,48 17,48 17,48 17,49 17,49 17,52 17,52 17,52 17,53 17,53 17,54 17,54 17,54 17,55 17,55 17,56 17,56 17,57 17,57 17,57 17,58 17,58 17,59 17,59 17,59 17,60 17,60 17,60 17,60 17,60 17,60 17,61 17,61 17,61 17,61 17,61 17,61 17,61 17,62 17,62 17,62 17,62 17,63 17,63 17,63 17,63 17,63 17,63 17,64 17,64 17,64 17,64 17,65
252,206,95 17,71 17,72 17,72 17,72 17,73 17,73 17,74
252,206,95 18,60 18,61 18,61 18,61 18,62 18,62 18,63 18,63 18,63 18,64 18,64
196,151,57 11,28 11,29 11,29 11,30 11,30 11,30 11,31 11,31 11,32 11,32
196,151,57 11,65 11,65 11,66 11,66 11,67 11,67 11,67 11,68 11,68 11,69
196,151,57 13,171
196,151,57 15,186 15,187
248,210,110 13,33 13,33 13,33 13,34 13,34 13,35 13,35 13,35 13,36 13,36 13,37 13,37 13,37 13,38 13,38 13,39 13,39 13,41 13,41 13,41 13,42 13,42 13,45 13,45 13,46 13,46 13,46
248,210,110 14,33 14,33 14,33 14,34 14,34 14,35 14,35 14,35 14,36 14,36 14,37 14,37 14,37 14,38 14,38 14,39 14,39 14,41 14,41 14,41 14,42 14,42 14,45 14,45 14,46 14,46 14,46
248,210,110 19,72 20,72 20,72 20,73
248,210,110 23,157 23,157
239,211,102 20,47 20,47
236,205,103 13,129
236,205,103 20,48 20,48 20,48
236,205,103 20,68 20,68 20,69
236,205,103 23,154 23,154 23,154
235,200,96 16,125
235,200,96 20,49 20,49 20,50 20,50 20,50 20,51 20,51 20,52 20,52 20,52 20,55 20,55 20,56 20,56 20,57 20,57 20,57 20,58 20,58 20,59 20,59 20,59 20,60 20,60 20,61 20,61 20,61 20,62 20,62 20,63 20,63 20,63 20,64 20,64 20,65 20,65 20,65 20,66 20,66 20,67 20,67 20,67
235,200,96 23,165 23,165
254,253,224 20,131 20,131 20,131 20,131 20,132 20,132
254,253,224 20,148 20,149
254,253,224 21,127 21,127 21,127 21,127 21,128 21,128 21,128 21,128 21,128 21,128
254,253,224 21,148 21,149
254,253,224 31,49
234,197,94 13,129 13,129
234,197,94 15,179 15,179
234,197,94 20,53 20,53 20,54 20,54 20,54
234,197,94 23,163 23,164 23,164 23,165 23,166 23,166
243,204,93 15,57 15,57 15,57 15,58 15,58 15,58 15,58 15,59 15,59 15,59 15,59 15,59 15,60 15,60 15,60 15,60 15,61 15,61 15,61 15,61 15,62 15,62 15,63 15,63 15,63 15,64 15,64 15,65 15,65 15,65 15,67 15,67 15,68 15,68 15,68 15,68 15,69 15,69 15,69 15,69 15,70 15,70 15,70 15,70 15,70 15,70 15,71 15,71 15,71 15,71 15,72 15,72 15,72 15,72 15,72 15,72 15,73 15,73
243,204,93 15,125 15,126
243,204,93 15,152
243,204,93 16,57 16,58 16,58 16,59
243,204,93 16,64 16,65 16,65 16,67 16,67 16,68 16,68 16,69 16,69 16,70 16,70 16,70 16,71 16,71 16,72 16,72 16,72
243,204,93 16,125
243,204,93 16,152
243,204,93 17,61 17,61 17,62 17,62 17,63 17,63 17,63
245,204,84 15,66 15,66 15,67
245,204,84 16,64 16,65 16,66 16,66 16,66 16,66 16,67 16,67 16,67 16,67 16,68 16,68 16,69 16,69 16,70
245,204,84 17,64
254,251,178 22,70 22,70 22,71 22,71 22,72 22,73 22,74 22,74 22,74 22,75 22,75 22,76 22,76 22,76 22,77 22,77 22,78 22,78 22,78 22,79
254,251,178 23,70 23,70 23,70 23,70 23,71 23,71 23,71 23,71 23,72 23,72 23,73 23,73 23,74 23,74 23,74 23,74 23,74 23,74 23,75 23,75 23,75 23,75 23,76 23,76 23,76 23,76 23,76 23,76 23,77 23,77 23,77 23,77 23,78 23,78 23,78 23,78 23,78 23,78 23,79 23,79
254,251,178 23,150 23,151
254,251,178 24,69 24,69 24,70 24,70 24,70 24,70 24,70 24,70 24,71 24,71 24,71 24,71 24,72 24,72 24,72 24,72 24,72 24,72 24,73 24,73 24,73 24,73 24,74 24,74 24,74 24,74 24,74 24,74 24,75 24,75 24,75 24,75 24,76 24,76 24,76 24,76 24,76 24,76 24,77 24,77
254,251,178 25,125 25,125 25,126 25,126 25,126
250,208,87 16,70 16,70 16,71 17,70 17,70 17,71
254,251,184 21,96 21,96 21,96 21,96
254,251,184 22,72 22,72 22,73
254,251,184 22,82 22,83 22,83 22,83 22,83 22,83 22,84 22,84 22,84 22,84 22,85 22,85 22,85 22,85 22,85 22,85 22,86 22,86 22,86 22,86 22,87 22,87 22,87 22,87 22,87 22,87 22,88 22,88 22,88 22,88 22,89 22,89 22,89 22,89 22,89 22,89 22,90 22,90 22,90 22,90 22,91 22,91 22,91 22,91 22,91 22,91 22,92 22,92
254,251,184 23,72 23,72 23,72 23,72 23,73 23,73
254,251,184 23,133 23,133 23,134
254,251,184 23,147 23,148 23,148 23,148 23,149 23,149 23,150 23,150
254,251,184 24,77 24,77 24,78 24,78 24,78 24,78 24,78 24,78 24,79 24,79 24,79 24,79 24,80 24,80 24,80 24,80 24,80 24,80 24,81 24,81
254,251,184 24,86 24,86 24,87 24,87 24,87 24,87 24,87 24,87 24,88 24,88
254,227,161 7,81 7,82 7,82 7,82 7,83 7,83 7,83 7,83 7,83 7,84 7,84 7,85 7,85 7,85 7,86 7,86 7,87 7,87 7,87 7,87 7,87 7,88 7,88 7,89 7,89 7,89 7,90 7,90 7,90 7,90 7,91 7,91 7,91 7,91 7,91 7,91 7,92 7,92 7,92 7,92 7,93 7,93 7,93 7,93 7,93 7,93 7,94 7,94 7,94 7,94 7,95 7,95 7,95 7,95 7,96 7,96 7,96 7,96
254,227,161 7,114 7,114 7,114 7,115 7,115 7,115 7,115 7,115 7,115
254,227,161 7,128
254,227,161 8,81 8,82 8,82 8,83 8,83 8,83 8,84 8,84 8,85 8,85 8,86 8,87 8,87 8,87 8,88 8,88 8,89 8,89 8,89 8,90 8,90 8,91 8,91 8,91 8,92 8,92 8,93 8,93 8,93 8,94 8,94 8,95 8,95 8,96
254,227,161 8,114 8,114 8,115 8,115 8,115
254,227,161 8,128
254,227,161 9,145 9,146 9,146
254,227,161 10,114 10,114 10,115 10,115 10,115 10,116 10,116 10,117 10,117 10,117 10,118 10,118 10,119 10,119 10,120 10,120 10,120 10,121 10,121 10,122 10,125 10,126 10,126 10,129
254,227,161 10,145 10,146
254,227,161 11,129 11,129 11,130
254,227,161 11,140 11,140 11,141 11,141 11,141 11,141 11,141 11,141 11,142 11,142 11,142 11,142 11,143 11,143 11,143 11,143 11,143 11,143 11,144 11,144 11,144 11,144 11,145 11,145 11,146 11,148 11,149 11,149 11,150 11,150 11,150 11,151
254,227,161 17,179 17,179 17,180 17,180 17,180 17,181 17,181 17,182 17,182 17,183 17,183 17,183 17,184 17,184 17,185 17,185 17,185 17,186 17,186 17,187 17,187 17,187 17,188 17,188 17,189 17,189 17,189
254,227,161 18,187 18,187 18,188 18,188 18,189 18,189
254,227,161 20,106 20,106 20,107 20,107 20,107 20,108 20,108 20,109 20,109 20,109 20,110 20,110 20,111 20,111 20,111 20,112 20,112
250,214,87 16,81 16,82 16,82 16,83 16,83 16,83 16,84 16,84 16,85 16,85 16,85 16,86 16,86 16,87 16,87
250,214,87 17,81 17,82 17,83 17,83 17,84 17,84 17,85 17,85 17,85 17,86 17,87 17,87
205,163,75 9,154
205,163,75 11,82 11,83 11,83 11,83 11,84 11,84 11,85 11,85 11,85 11,86 11,86 11,87 11,87 11,87 11,88 11,88 11,89 11,89 11,89 11,90 11,90 11,91 11,91 11,91 11,92 11,92 11,93 11,93 11,93 11,94 11,94 11,95 11,95 11,96 11,96 11,96 11,97
205,163,75 17,163 17,164
254,251,194 21,114 21,114 21,114 21,114 21,115 21,115 21,115 21,115 21,115 21,115 21,116 21,116 21,116 21,116
254,251,194 22,92 22,92 22,93 22,93 22,93 22,93 22,93 22,93 22,93 22,94 22,94 22,94 22,94 22,94 22,94 22,95 22,95 22,95 22,95 22,95 22,95 22,96 22,96 22,96 22,96 22,96 22,96 22,96 22,96 22,96 22,97 22,97 22,97 22,97 22,97 22,97 22,98 22,98 22,98 22,99 22,99 22,100 22,100 22,100 22,101 22,101
254,251,194 23,93 23,93 23,94 23,94 23,94 23,94 23,95 23,95 23,95 23,95 23,96 23,96 23,96 23,96 23,96 23,96 23,97 23,97 23,97 23,97 23,98 23,98 23,98 23,98 23,98 23,98 23,99 23,99 23,99 23,99 23,100 23,100 23,100 23,100 23,100 23,100 23,101 23,101 23,101 23,101
254,251,194 23,130 23,130 23,131 23,131 23,132 23,132 23,133
254,251,194 24,85 24,86
254,251,194 24,96 24,96 24,97 24,97 24,97 24,97 24,98 24,99 24,99 24,100 24,100 24,100 24,101 24,101 24,102 24,102 24,102 24,103 24,103 24,104 24,104 24,104 24,105 24,105 24,106 24,106
254,251,194 25,85 25,86
254,251,194 25,98 25,99 25,99 25,100 25,100 25,100 25,101 25,101 25,102 25,102 25,102 25,103 25,103 25,104 25,104 25,104 25,105 25,105 25,106 25,106
254,246,193 17,196 17,197 17,197 18,196
254,246,193 19,171 19,171 19,172 19,172 19,172 19,173 19,173 19,174 19,174 19,174 19,175 19,175 19,176 19,176 19,176 19,177 19,177
254,246,193 20,154 20,154 20,154 20,154 20,154 20,154 20,155 20,155 20,156 20,156 20,156 20,156 20,157 20,157 20,157 20,157 20,157 20,157 20,158 20,158 20,158 20,159 20,159 20,159 20,159 20,159 20,160 20,160 20,160 20,160 20,161 20,161 20,161
254,246,193 20,171 20,171 20,172 20,172 20,172 20,173 20,173 20,174 20,174 20,174 20,174 20,174 20,175 20,175 20,175 20,176 20,176 20,176 20,176 20,176 20,177 20,177
254,246,193 21,96 21,96 21,97 21,97 21,97 21,97 21,98 21,98 21,98 21,98 21,98 21,98 21,99 21,99 21,99 21,99 21,100 21,100 21,100 21,100 21,100 21,100 21,101 21,101 21,101 21,101 21,102 21,102 21,102 21,102 21,102 21,102 21,103 21,103 21,103 21,103 21,104 21,104 21,104 21,104 21,104 21,104 21,105 21,105 21,105 21,105
254,246,193 22,90 22,91 22,91 22,91 22,92 22,92 22,93 22,93
254,246,193 22,98 22,98 22,98 22,98
254,246,193 23,90 23,90 23,91 23,91 23,91 23,91 23,91 23,91 23,92 23,92 23,92 23,92 23,93 23,93 23,93 23,93 24,94 24,95 24,95 24,96 24,96 24,96 24,97 24,97 24,98 24,98 24,98 24,98 24,98 24,98 24,98 24,98 24,99 24,99 24,99 24,99 24,100 24,100 24,100 24,100 24,100 24,100 24,101 24,101 24,101 24,101 24,102 24,102 24,102 24,102 24,102 24,102 24,103 24,103 24,103 24,103 24,104 24,104 24,104 24,104 24,104 24,104 24,105 24,105 24,105 24,105 24,106 24,106 24,106 24,106 24,107 24,107 24,107 24,107 24,107 24,107 24,107 24,107 24,107 24,108 24,108 24,108 24,108 24,108 24,108 24,109 24,109 24,109 24,111 24,111 24,111 24,112 24,112
254,246,193 24,121
254,246,193 25,94 25,95 25,95 25,96 25,96 25,96 25,97 25,97 25,98 25,98
254,246,193 25,107 25,107 25,107 25,108 25,108 25,109 25,109 25,109 25,110 25,110 25,111 25,111 25,111 25,112 25,112
254,246,193 25,121 25,121 25,122 25,122 25,122
253,252,205 20,137 20,137 20,137 20,137 20,138 20,138 20,138 20,138 20,139 20,139 20,139 20,139 20,139 20,139 20,140 20,140 20,140 20,140 20,141 20,141 20,141 20,141 20,141 20,141 20,142 20,142 20,142 20,142 20,143 20,143 20,143 20,143 20,143 20,143 20,144 20,144 20,144 20,144 20,145 20,145 20,145 20,145 20,146 20,146 20,146 20,146
253,252,205 20,151 20,151 20,152 20,152 20,152 20,152
253,252,205 21,113 21,113 21,113 21,113 21,113 21,113
253,252,205 21,117 21,117 21,117 21,117 21,117 21,117
253,252,205 22,98 22,98 22,99 22,99 22,99 22,99 22,100 22,100 22,100 22,100 22,100 22,100 22,101 22,101 22,101 22,101 22,102 22,102 22,102 22,102 22,102 22,102 22,103 22,103 22,103 22,103 22,104 22,104 22,104 22,104 22,104 22,104 22,105 22,105 22,105 22,105 22,106 22,106 22,106 22,106 22,107 22,107 22,107 22,107 22,107 22,107 22,108 22,108 22,108 22,108 22,109 22,109 22,109 22,109 22,109 22,109 22,110 22,110 22,110 22,110 22,111 22,111 22,111 22,111 22,111 22,111 22,112 22,112 22,113 22,113 22,113 22,113 22,113 22,113 22,113 22,113 22,113 22,114 22,114 22,114 22,114 22,114 22,114 22,115 22,115 22,115 22,115 22,115 22,115 22,116 22,116 22,116 22,116 22,117 22,117 22,117 22,117 22,117 22,117
253,252,205 22,123 22,123 22,124 22,124 22,124
253,252,205 22,135 22,135 22,136
253,252,205 22,144 22,145 22,145 22,146 22,146 22,146 22,148
253,252,205 22,152 22,152
253,252,205 23,112 23,112 23,112 23,112 23,113 23,113 23,113 23,113 23,113 23,113 23,114 23,114 23,114 23,114
253,252,205 23,123 23,123 23,123 23,123 23,124 23,124 23,124 23,124 23,124
253,252,205 24,113 24,113 24,113 24,113 24,113 24,113 24,114 24,114 24,114 24,114 24,115 24,115 24,115 24,115 24,115 24,115 24,116 24,116 24,116 24,116 24,117 24,117 24,117 24,117 24,117 24,117
253,252,205 24,121 24,121 24,121 24,121 24,122 24,122 24,122 24,123 24,123 24,124
213,178,92 11,102 11,102 11,102 11,103 11,103
213,178,92 17,166
213,178,92 23,174 23,174 23,174
254,248,203 18,196
254,248,203 19,170
254,248,203 20,127 20,128 20,128 20,128
254,248,203 20,136 20,136 20,137 20,137 20,138 20,139 20,139 20,139 20,140 20,140 20,141 20,141 20,141 20,142
254,248,203 20,152 20,152
254,248,203 20,161 20,162 20,162
254,248,203 20,170 20,170 20,170
254,248,203 21,106 21,106 21,106 21,106 21,107 21,107 21,107 21,107 21,107 21,107 21,108 21,108 21,108 21,108 21,109 21,109 21,109 21,109 21,109 21,109 21,110 21,110 21,110 21,110 21,111 21,111 21,111 21,111 21,111 21,111 21,112 21,112 21,112 21,112
254,248,203 21,118 21,118 21,118 21,118 21,119 21,119 21,119 21,119 21,120 21,120 21,120 21,120 21,120 21,120 21,121 21,121 21,121 21,121 21,122 21,122 21,122 21,122 21,122 21,122 21,123 21,123 21,123 21,123 21,124 21,124 21,124 21,124 21,124 21,124
254,248,203 21,138 21,138 21,139 21,139 21,139 21,139 21,139 21,139 21,140 21,140 21,140 21,140 21,141 21,141 21,141 21,141 21,141 21,141 21,142 21,142
254,248,203 22,102 22,102 22,102 22,103 22,103 22,104 22,104 22,104 22,105 22,105 22,106 22,106 22,107 22,107 22,107 22,108 22,108 22,109 22,109 22,109 22,110 22,110 22,111 22,111 22,111
254,248,203 22,118 22,118 22,118 22,118
254,248,203 22,136 22,137 22,137 22,137 22,138 22,138 22,139 22,139 22,139 22,140 22,140 22,141 22,141 22,141 22,142 22,142 22,143 22,143 22,143 22,144
254,248,203 23,102 23,102 23,102 23,102 23,102 23,102 23,103 23,103 23,103 23,103 23,104 23,104 23,104 23,104 23,104 23,104 23,105 23,105 23,105 23,105 23,106 23,106 23,106 23,106 23,107 23,107 23,107 23,107 23,107 23,107 23,108 23,108 23,108 23,108 23,109 23,109 23,109 23,109 23,109 23,109 23,110 23,110 23,110 23,110 23,111 23,111 23,111 23,111 23,111 23,111
254,248,203 24,109 24,109 24,109 24,109 24,109 24,109 24,110 24,110 24,110 24,110 24,111 24,111 24,111 24,111 24,111 24,111 24,112 24,112 24,112 24,112 24,113 24,113 24,113 24,114 24,114 24,115 24,115 24,115 24,116 24,116 24,117 24,117 24,117 24,118 24,118 24,119 24,119 24,120 24,120 24,120
254,248,203 25,113 25,113 25,113 25,114 25,114 25,115 25,115 25,115 25,116 25,116 25,117 25,117 25,117 25,118 25,118 25,119 25,119 25,120 25,120 25,120
254,216,153 7,104 7,104 7,104 7,105 7,105 7,106 7,106 7,107 7,107 7,107 7,108 7,108 7,109 7,109 7,109 7,110 7,110 7,111 7,111 7,111
254,216,153 11,171 11,173 11,173 11,174 11,174 11,174 11,175 11,175 11,176 11,176 11,176 11,177 11,177 11,178 11,178
254,216,153 12,173 12,173 12,174 12,174 12,174 12,177 12,177 12,178 12,178
254,216,153 13,187 13,188 13,189
254,216,153 17,174 17,174 17,175 17,175 17,176 17,176 17,176 17,177 17,177 17,178 17,178 17,178
217,183,95 11,104 11,104 11,104 11,105 11,105 11,106 11,106 11,107 11,107 11,107 11,108 11,108 11,109 11,109 11,109 11,110 11,110
217,183,95 12,106 12,107 12,107 12,107 12,108 12,108 12,109 12,109 12,109 12,110 12,110
217,183,95 23,172 23,172 23,172 23,173 23,173
222,184,97 11,111 11,111 11,111 11,112 11,112 11,113 11,113 11,113
222,184,97 11,124
222,184,97 12,106 12,107 12,107 12,107 12,108 12,108 12,109 12,109 12,109 12,110 12,110 12,111 12,111 12,111 12,112 12,112 12,113 12,113 12,113 12,113
222,184,97 12,123 12,123 12,124 12,124
222,184,97 23,170 23,170
254,252,213 20,130 20,130 20,130 20,130 20,132 20,132 20,133 20,133 20,133 20,133 20,133 20,133 20,134 20,134 20,134 20,134 20,135 20,135
254,252,213 20,146 20,146 20,146 20,147 20,147 20,147 20,148 20,148 20,149 20,149 20,150 20,150 20,150 20,151 20,151 20,151 20,151 20,152 20,152 20,152
254,252,213 21,146 21,147 21,150 21,151 21,151 21,152 21,152 21,152 21,152 21,152 21,152
254,252,213 22,112 22,112 22,112 22,112
254,252,213 22,118 22,118 22,119 22,119 22,119 22,119 22,119 22,119 22,120 22,120 22,120 22,120 22,120 22,120 22,120 22,120 22,120 22,121 22,121 22,121 22,121 22,121 22,121 22,122 22,122 22,122 22,122 22,122 22,122 22,122 22,122 22,122 22,125 22,125 22,126 22,126 22,126 22,127 22,127 22,128 22,128 22,129 22,132 22,133 22,133 22,133 22,134 22,134 22,135
254,252,213 23,118 23,118 23,118 23,118 23,119 23,119 23,119 23,119 23,120 23,120 23,120 23,120 23,120 23,120 23,121 23,121 23,121 23,121 23,122 23,122 23,122 23,122 23,122 23,122 23,125 23,125 23,126 23,126 23,126 23,127 23,127 23,128 23,128 23,128 23,129 23,129 23,130
254,252,213 24,118 24,118 24,118 24,118 24,119 24,119 24,119 24,119 24,120 24,120 24,120 24,120 24,120 24,120
248,254,204 22,115 22,115 22,115 22,116 22,116 22,117 22,117 22,117
248,254,204 23,115 23,115 23,115 23,115 23,115 23,115 23,116 23,116 23,116 23,116 23,117 23,117 23,117 23,117 23,117 23,117
240,196,108 5,117 5,117 5,117
240,196,108 5,124
226,192,105 11,122 11,122 11,125
245,223,117 17,125
228,191,121 5,129
211,164,57 7,131
211,164,57 13,139 13,139 13,140 13,140 13,141 13,141 13,141 13,142
211,164,57 13,146 13,147
174,120,17 7,133 7,134 7,134 7,135 7,135 7,135 7,136 7,137 7,137 7,138
174,117,17 7,136 7,137 7,138 7,139 7,139 7,139 7,140 7,141 7,141 7,142 7,142 7,143 7,143 7,143 7,144 7,144 7,145 7,145 7,146 7,146
174,117,17 13,155 13,155 13,156 13,159 13,160 13,160
177,119,20 7,140 7,141
172,124,44 7,148
172,124,44 7,152
165,118,35 7,149 7,150
169,122,43 7,149 7,150 7,150
241,202,145 7,154 7,155 7,156 7,156 7,157 7,157
228,200,119 11,154
187,133,27 15,154 16,154 16,154
237,200,139 7,155
237,201,122 9,157 9,157 9,157 9,158 9,158
237,201,122 17,169
192,135,37 15,157
164,112,16 13,157 13,157 13,158 13,159 13,161 13,161 13,161 13,162 13,162 13,163 13,163
189,140,50 17,157
246,207,154 7,157 7,158 7,158
254,227,190 20,158 20,160
254,227,190 21,157 21,158 21,158 21,158 21,159 21,160 21,160 21,161 21,161
186,122,28 15,158 15,158
246,210,161 7,159 7,159 7,159 7,160 7,160 7,161
183,119,28 15,159 15,159
185,119,35 15,159 15,160 15,160
189,132,52 17,159 17,160 17,160 17,161 17,161
246,234,185 25,159 25,160 25,160 25,161 25,161
252,228,187 21,161 21,162 21,162
252,228,187 25,163 25,164 25,164
254,237,203 20,163 20,163 20,163 20,164 20,164 20,165 20,165 20,165 20,166 20,166 20,167 20,167 20,167 20,168 20,168
254,237,203 23,180
254,237,203 25,168
197,153,71 17,163
240,199,94 23,163
248,226,186 25,165 25,165
173,125,33 13,165 13,166 13,166
173,125,33 15,191 15,193
230,194,89 23,167 23,167
226,190,91 15,180 15,180 15,180
226,190,91 23,167 23,168 23,168 23,169 23,169
214,166,72 15,170 15,170 15,170
214,166,72 15,184 15,185 16,184
241,205,132 17,170 17,170 17,170 17,171 17,171
254,235,219 25,170
220,167,77 15,171 15,171 15,172 15,172 15,172
214,183,88 23,171
254,239,225 25,171
246,211,138 17,172 17,172
215,186,103 23,175
227,201,126 20,188
227,201,126 23,177
228,202,136 23,178 23,178
247,211,147 11,180
247,211,147 13,190
210,173,109 11,182
163,126,61 11,184
208,178,102 21,184
153,117,59 11,185
151,119,61 11,186 11,186
178,155,88 21,186
171,118,31 15,192 15,192 15,193
193,152,85 13,192
194,173,103 15,196
