16,226 16,227 16,229 16,231 16,233 16,234 16,236 16,238 16,240 16,241 16,243 16,245 16,247 16,248 16,250 16,252 16,253 16,255 16,257 16,259 16,260 16,262 16,264 16,266 16,267 16,269 16,271 16,273 16,274 16,276 16,278 16,280 16,281 16,283 16,285 16,286 16,288 16,290 16,292 16,293 16,295 16,297 16,299 16,300 16,302 16,304 16,306 16,307 16,309 16,311 16,312 16,314 16,316 16,318 16,319 16,321 16,323 16,325 16,326 16,328 16,330 16,332 16,333 16,335 16,337 16,339 16,340 16,342 16,344 16,345 16,347 16,349
23,196 23,198 23,200 23,201 23,203 23,205 23,207 23,208 23,210 23,212 23,214 23,215 23,217 23,219 23,220 23,222 23,224
23,351 23,352 23,354 23,356 23,358
31,172 31,174 31,175 31,177 31,179 31,181 31,182 31,184 31,186 31,188 31,189 31,191 31,193 31,194
31,359 31,361 31,363 31,365
38,236 38,238 38,240
40,149 40,151 40,153 40,155 40,156 40,158 40,160 40,161 40,163 40,165 40,167 40,168 40,170
40,233 40,234 40,236 40,238 40,240 40,241
40,250 40,252 40,253 40,255 40,257 40,259
45,266 45,269 45,271 45,273 45,276
45,280 45,281 45,283 45,285 45,286
45,359 45,361 45,363 45,365
47,134 47,135 47,137 47,139 47,141 47,142 47,144 47,146 47,148
47,278 47,280 47,281 47,283 47,285 47,286 47,288
52,240 52,241 52,243
52,351 52,352 52,354 52,356 52,358
54,118 54,120 54,122 54,123 54,125 54,127 54,128 54,130 54,132
61,335 61,337 61,339 61,340 61,342 61,344 61,345 61,347 61,349
62,109 62,111 62,113 62,115 62,116
68,155 68,156 68,158 68,160 68,161 68,163 68,165 68,167 68,168 68,170 68,172 68,174 68,175 68,177 68,179 68,181 68,182 68,184 68,186
68,191 68,193 68,194 68,196 68,198 68,200 68,201 68,203 68,205 68,207 68,208 68,210 68,212 68,214 68,215 68,217 68,219 68,220 68,222 68,224 68,226 68,227 68,229 68,231 68,233 68,234 68,236 68,238 68,240 68,241 68,243 68,245 68,247 68,248 68,250 68,252 68,253 68,255 68,257 68,259 68,260 68,262 68,264 68,266 68,267 68,269 68,271 68,273 68,274 68,276 68,278 68,280 68,281 68,283 68,285 68,286 68,288 68,290 68,292 68,293 68,295 68,297 68,299 68,300 68,302 68,304 68,306 68,307 68,309 68,311 68,312 68,314 68,316 68,318 68,319 68,321 68,323 68,325 68,326
69,101 69,102 69,104 69,106 69,108
69,160 69,161 69,163 69,165 69,167 69,168 69,170 69,172 69,174 69,175 69,177 69,179 69,181 69,182 69,184 69,186 69,188 69,191 69,193 69,194 69,196 69,198 69,200 69,201 69,203 69,205 69,207 69,208 69,210 69,212 69,214 69,215 69,217 69,219 69,220 69,222 69,224 69,226 69,227 69,229 69,231 69,233 69,234 69,236 69,238 69,240 69,241 69,243 69,245 69,247 69,248 69,250 69,252 69,253 69,255 69,257 69,259 69,260 69,262 69,264 69,266 69,267 69,269 69,271 69,273 69,274 69,276 69,278 69,280 69,281 69,283 69,285 69,286 69,288 69,290 69,292 69,293 69,295 69,297 69,299 69,300 69,302 69,304 69,306 69,307 69,309 69,311 69,312 69,314 69,316 69,318 69,319 69,321 69,323 69,325 69,326 69,328
76,319 76,321 76,323 76,325 76,326 76,328 76,330 76,332 76,333
78,94 78,95 78,97 78,99
78,318 78,319 78,321 78,323 78,325 78,326
83,304 83,306 83,307 83,309 83,311 83,312 83,314 83,316 83,318 83,319
85,85 85,87 85,89 85,90 85,92
85,302 85,304 85,306 85,307 85,309 85,311 85,312 85,314 85,316 85,318
85,328 85,330 85,332 85,333 85,335 85,337 85,339 85,340 85,342 85,344 85,345 85,347 85,349 85,351 85,352 85,354 85,356 85,358 85,359 85,361 85,363 85,365 85,366 85,368 85,370 85,372 85,373 85,375 85,377 85,378 85,380 85,382 85,384 85,385 85,387 85,389 85,391 85,392 85,394 85,396 85,398 85,399 85,401 85,403 85,405 85,406 85,408 85,410 85,411 85,413
92,231 92,233 92,234 92,236 92,238 92,240 92,241
92,245 92,247 92,248 92,250 92,252 92,253 92,255 92,257 92,259 92,260 92,262 92,264 92,266 92,267 92,269 92,271 92,273 92,274 92,276 92,278 92,280 92,281 92,283 92,285 92,286 92,288 92,290 92,292 92,293 92,295 92,297 92,299 92,300 92,302 92,304
92,319 92,321 92,323 92,325 92,326 92,328 92,330 92,332 92,333 92,335 92,337 92,339 92,340 92,342 92,344 92,345 92,347 92,349 92,351 92,352 92,354 92,356 92,358 92,359 92,361 92,363 92,365 92,366 92,368 92,370 92,372 92,373 92,375 92,377 92,378 92,380 92,382 92,384 92,385 92,387 92,389 92,391 92,392 92,394 92,396 92,398 92,399 92,401 92,403 92,405
94,78 94,80 94,82 94,83
94,208 94,210 94,212 94,214
94,220 94,222 94,224
94,231 94,233 94,234 94,236 94,238 94,240
94,245 94,247 94,248 94,250 94,252 94,253 94,255 94,257 94,259 94,260 94,262 94,264 94,266 94,267 94,269 94,271 94,273 94,274 94,276 94,278 94,280 94,281 94,283 94,285 94,286 94,288 94,290 94,292 94,293 94,295 94,297 94,299 94,300 94,302
94,318 94,319 94,321 94,323 94,325 94,326 94,328 94,330 94,332 94,333 94,335 94,337 94,339 94,340 94,342 94,344 94,345 94,347 94,349 94,351 94,352 94,354 94,356 94,358 94,359 94,361 94,363 94,365 94,366 94,368 94,370 94,372 94,373 94,375 94,377 94,378 94,380 94,382 94,384 94,385 94,387 94,389 94,391 94,392 94,394 94,396 94,398 94,399 94,401 94,403 94,405 94,406
94,415 94,417 94,418 94,420
99,149 99,151 99,153 99,155 99,156
99,177 99,179 99,181 99,182 99,184 99,186 99,188 99,189 99,191 99,193 99,194 99,196 99,198 99,200 99,201 99,203 99,205 99,207 99,208 99,210 99,212 99,214 99,215 99,217 99,219 99,220 99,222 99,224 99,226 99,227 99,229 99,231 99,233 99,234 99,236 99,238 99,240 99,241 99,243 99,245 99,247 99,248 99,250 99,252 99,253 99,255 99,257 99,259 99,260 99,262 99,264 99,266 99,267 99,269 99,271 99,273 99,274 99,276 99,278 99,280 99,281 99,283 99,285 99,286 99,288 99,290 99,292 99,293 99,295
99,373 99,375 99,377 99,378 99,380 99,382
99,389 99,391 99,392 99,394 99,396
101,69 101,71 101,73 101,75 101,76
101,149 101,151 101,153 101,155
101,179 101,181 101,182 101,184 101,186 101,188 101,189 101,191 101,193 101,194 101,196 101,198 101,200 101,201 101,203 101,205 101,207 101,208 101,210 101,212 101,214 101,215 101,217 101,219 101,220 101,222 101,224 101,226 101,227 101,229 101,231 101,233 101,234 101,236 101,238 101,240 101,241 101,243 101,245 101,247 101,248 101,250 101,252 101,253 101,255 101,257 101,259 101,260 101,262 101,264 101,266 101,267 101,269 101,271 101,273 101,274 101,276 101,278 101,280 101,281 101,283 101,285 101,286 101,288 101,290 101,292 101,293 101,295 101,297
101,375 101,377 101,378 101,380
101,391 101,392 101,394 101,396 101,398
101,422 101,424 101,425 101,427 101,429
108,288 108,290 108,292 108,293 108,295 108,297
109,62 109,64 109,66 109,68
109,286 109,288 109,290 109,292 109,293 109,295
109,431 109,432 109,434 109,436
116,264 116,266 116,267 116,269 116,271 116,273 116,274 116,276 116,278 116,280 116,281 116,283 116,285 116,286 116,288
118,54 118,56 118,57 118,59 118,61
118,262 118,264 118,266 118,267 118,269 118,271 118,273 118,274 118,276 118,278 118,280 118,281 118,283 118,285 118,286
118,438 118,439 118,441 118,443 118,444
123,134 123,135 123,137 123,139
123,148 123,149 123,151 123,153 123,155 123,156 123,158 123,160 123,161 123,163 123,165
123,170 123,172 123,175
123,179 123,181 123,182
123,191 123,193 123,194 123,196 123,198 123,200 123,201 123,203
123,208 123,210 123,212 123,214 123,215 123,217 123,219 123,220 123,222 123,224 123,226 123,227 123,229 123,231 123,233 123,234 123,236 123,238 123,240 123,241 123,243 123,245 123,247 123,248 123,250 123,252 123,253 123,255 123,257 123,259 123,260 123,262 123,264 123,266 123,267 123,269 123,271 123,273
125,156 125,158 125,161 125,163
125,191 125,194 125,196 125,198 125,200 125,201 125,203
125,208 125,210 125,212 125,214 125,215 125,217 125,219 125,220 125,222 125,224 125,226 125,227 125,229 125,231 125,233 125,234 125,236 125,238 125,240 125,241 125,243 125,245 125,247 125,248 125,250 125,252 125,253 125,255 125,257 125,259 125,260 125,262 125,264 125,266 125,267 125,269 125,271
132,85 132,87 132,89 132,90 132,92 132,94 132,95 132,97 132,99
132,128 132,130 132,132 132,134 132,135 132,137 132,139 132,141 132,142 132,144 132,146 132,148 132,149 132,151 132,153 132,155 132,156 132,158 132,160 132,161 132,163 132,165 132,167 132,168 132,170 132,172 132,174 132,175 132,177 132,179 132,181 132,182 132,184 132,186 132,188 132,189 132,191 132,193 132,194 132,196 132,198 132,200 132,201 132,203 132,205 132,207 132,208 132,210 132,212 132,214 132,215 132,217 132,219 132,220 132,222 132,224 132,226 132,227 132,229 132,231 132,233 132,234 132,236 132,238 132,240 132,241 132,243 132,245 132,247 132,248 132,250 132,252 132,253 132,255 132,257 132,259 132,260 132,262 132,264
134,47 134,49 134,50 134,52
134,83 134,85 134,87 134,89 134,90 134,92 134,94 134,95 134,97 134,99 134,101 134,104
134,123 134,125 134,127 134,128 134,130 134,132 134,134 134,135 134,137 134,139 134,141 134,142 134,144 134,146 134,148 134,149 134,151 134,153 134,155 134,156 134,158 134,160 134,161 134,163 134,165 134,167 134,168 134,170 134,172 134,174 134,175 134,177 134,179 134,181 134,182 134,184 134,186 134,188 134,189 134,191 134,193 134,194 134,196 134,198 134,200 134,201 134,203 134,205 134,207 134,208 134,210 134,212 134,214 134,215 134,217 134,219 134,220 134,222 134,224 134,226 134,227 134,229 134,231 134,233 134,234 134,236 134,238 134,240 134,241 134,243 134,245 134,247 134,248 134,250 134,252 134,253 134,255 134,257 134,259 134,260 134,262 134,264 134,266
134,446 134,448 134,450 134,451
139,257 139,259 139,260 139,262 139,264 139,266
141,255 141,257 141,259 141,260 141,262 141,264 141,266
148,240 148,241 148,243 148,245 148,247 148,248 148,250 148,252 148,253 148,255 148,257
149,40 149,42 149,43 149,45
149,240 149,241 149,243 149,245 149,247 149,248 149,250 149,252 149,253 149,255
149,453 149,455 149,457 149,458 149,460
155,99 155,101 155,102
155,123 155,125 155,127 155,128
155,134 155,135 155,137 155,139 155,141 155,142 155,144 155,146 155,148 155,149 155,151 155,153 155,155 155,156 155,158 155,160 155,161 155,163 155,165 155,167 155,168 155,170 155,172 155,174 155,175 155,177 155,179 155,181 155,182 155,184 155,186 155,188 155,189 155,191 155,193 155,194 155,196 155,198 155,200 155,201 155,203 155,205 155,207 155,208 155,210 155,212 155,214 155,215 155,217 155,219 155,220 155,222 155,224 155,226 155,227 155,229 155,231 155,233 155,234 155,236 155,238 155,240 155,241
155,302 155,304 155,306 155,307 155,309 155,311 155,312 155,314 155,316 155,318 155,319 155,321 155,323 155,325 155,326 155,328
156,123 156,125 156,127 156,128 156,130
156,139 156,141 156,142 156,144 156,146 156,148 156,149 156,151 156,153 156,155 156,156 156,158 156,160 156,161 156,163 156,165 156,167 156,168 156,170 156,172 156,174 156,175 156,177 156,179 156,181 156,182 156,184 156,186 156,188 156,189 156,191 156,193 156,194 156,196 156,198 156,200 156,201 156,203 156,205 156,207 156,208 156,210 156,212 156,214 156,215 156,217 156,219 156,220 156,222 156,224 156,226 156,227 156,229 156,231 156,233 156,234 156,236 156,238 156,240
156,302 156,304 156,306 156,307 156,309 156,311 156,312 156,314 156,316 156,318 156,319 156,321 156,323 156,325 156,326 156,328
163,69 163,71 163,73 163,75 163,76 163,78
163,94 163,95 163,97 163,99 163,101
163,108 163,109 163,111 163,113 163,115 163,116 163,118 163,120 163,122 163,123 163,125 163,127 163,128 163,130 163,132 163,134 163,135 163,137 163,139 163,141 163,142 163,144 163,146 163,148 163,149 163,151 163,153 163,155 163,156 163,158 163,160 163,161 163,163 163,165 163,167 163,168 163,170 163,172 163,174 163,175 163,177 163,179 163,181 163,182 163,184 163,186 163,188 163,189 163,191 163,193 163,194 163,196 163,198 163,200 163,201 163,203 163,205 163,207 163,208 163,210 163,212 163,214 163,215 163,217 163,219 163,220 163,222 163,224 163,226 163,227 163,229 163,231 163,233
163,288 163,290 163,292 163,293 163,295 163,297 163,299 163,300 163,302 163,304 163,306
163,326 163,328 163,330 163,332 163,333 163,335 163,337 163,339 163,340 163,342
165,31 165,33 165,35 165,36 165,38
165,68 165,69 165,71 165,73 165,75 165,76 165,78 165,80 165,82 165,83
165,92 165,94 165,95 165,97 165,99 165,101 165,102
165,106 165,108 165,109 165,111 165,113 165,115 165,116 165,118 165,120 165,122 165,123 165,125 165,127 165,128 165,130 165,132 165,134 165,135 165,137 165,139 165,141 165,142 165,144 165,146 165,148 165,149 165,151 165,153 165,155 165,156 165,158 165,160 165,161 165,163 165,165 165,167 165,168 165,170 165,172 165,174 165,175 165,177 165,179 165,181 165,182 165,184 165,186 165,188 165,189 165,191 165,193 165,194 165,196 165,198 165,200 165,201 165,203 165,205 165,207 165,208 165,210 165,212 165,214 165,215 165,217 165,219 165,220 165,222 165,224 165,226 165,227 165,229 165,231 165,233 165,234
165,286 165,288 165,290 165,292 165,293 165,295 165,297 165,299 165,300 165,302 165,304 165,306
165,326 165,328 165,330 165,332 165,333 165,335 165,337 165,339 165,340 165,342 165,344
170,226 170,227 170,229 170,231 170,233 170,234
170,286 170,288 170,290 170,292 170,293 170,295 170,297 170,299 170,300 170,302 170,304 170,306 170,307 170,309 170,311 170,312 170,314 170,316 170,318 170,319 170,321 170,323 170,325 170,326 170,328 170,330 170,332 170,333 170,335 170,337 170,339 170,340 170,342 170,344
170,420 170,422 170,424 170,427
172,224 172,226 172,227 172,229 172,231 172,233
172,288 172,290 172,292 172,293 172,295 172,297 172,299 172,300 172,302 172,304 172,306 172,307 172,309 172,311 172,312 172,314 172,316 172,318 172,319 172,321 172,323 172,325 172,326 172,328 172,330 172,332 172,333 172,335 172,337 172,339 172,342
172,462 172,464 172,465 172,467
179,219 179,220 179,222 179,224 179,226
179,257 179,259 179,260 179,262 179,264 179,266 179,267 179,269 179,271 179,273 179,274 179,276 179,278 179,280 179,281 179,283 179,285 179,286 179,288 179,290 179,292 179,293 179,295 179,297 179,299 179,300 179,302 179,304 179,306 179,307 179,309 179,311 179,312 179,314 179,316 179,318 179,319 179,321 179,323 179,325 179,326 179,328 179,330 179,332 179,333 179,335 179,337 179,339 179,340 179,342 179,344 179,345 179,347 179,349 179,351 179,352 179,354 179,356 179,358 179,359 179,361 179,363 179,365
179,375 179,377 179,378 179,380
181,217 181,219 181,220 181,222 181,224
181,255 181,257 181,259 181,260 181,262 181,264 181,266 181,267 181,269 181,271 181,273 181,274 181,276 181,278 181,280 181,281 181,283 181,285 181,286 181,288 181,290 181,292 181,293 181,295 181,297 181,299 181,300 181,302 181,304 181,306 181,307 181,309 181,311 181,312 181,314 181,316 181,318 181,319 181,321 181,323 181,325 181,326 181,328 181,330 181,332 181,333 181,335 181,337 181,339 181,340 181,342 181,344 181,345 181,347 181,349 181,351 181,352 181,354 181,356 181,358 181,359 181,361 181,363 181,365 181,366
181,373 181,375 181,377 181,378 181,380 181,382
186,68 186,69 186,71 186,73 186,75 186,76 186,78 186,80 186,82 186,83
186,90 186,92 186,94 186,97 186,99 186,101 186,102 186,104 186,106 186,108 186,109 186,111 186,113 186,116 186,118 186,120 186,122 186,123 186,125 186,127 186,128 186,130 186,132 186,134 186,135 186,137 186,139 186,141 186,142 186,144 186,146 186,148 186,149 186,151 186,153 186,155 186,156 186,158 186,160 186,161 186,163 186,165 186,167 186,168 186,170 186,172 186,174 186,175 186,177 186,179 186,181 186,182 186,184 186,186 186,188 186,189 186,191 186,193 186,194 186,196 186,198 186,200 186,201 186,203 186,205 186,207 186,208 186,210 186,212 186,214 186,215 186,217 186,219
186,250 186,252 186,253 186,255 186,257
186,373 186,375 186,377 186,378 186,380 186,382 186,384 186,385 186,387 186,389
186,422 186,424 186,427
188,69 188,71 188,73 188,75 188,76 188,78
188,99 188,101 188,102 188,104 188,106 188,108
188,118 188,120 188,122 188,123 188,125 188,127 188,128 188,130 188,132 188,134 188,135 188,137 188,139 188,141 188,142 188,144 188,146 188,148 188,149 188,151 188,153 188,155 188,156 188,158 188,160 188,161 188,163 188,165 188,167 188,168 188,170 188,172 188,174 188,175 188,177 188,179 188,181 188,182 188,184 188,186 188,188 188,189 188,191 188,193 188,194 188,196 188,198 188,200 188,201 188,203 188,205 188,207 188,208 188,210 188,212 188,214 188,215 188,217
188,248 188,250 188,252 188,253 188,255 188,257
188,375 188,377 188,378 188,380 188,382 188,384 188,385 188,387 188,389 188,391
194,31 194,33 194,35 194,36 194,38 194,40 194,42 194,43 194,45 194,47 194,49 194,50 194,52 194,54 194,56 194,57 194,59 194,61 194,62 194,64 194,66 194,68 194,69 194,71 194,73 194,75 194,76 194,78 194,80 194,82 194,83 194,85 194,87 194,89 194,90 194,92 194,94 194,95 194,97 194,99 194,101 194,102 194,104 194,106 194,108 194,109 194,111 194,113 194,115 194,116 194,118 194,120 194,122 194,123 194,125 194,127 194,128 194,130 194,132 194,134 194,135 194,137 194,139 194,141 194,142 194,144 194,146 194,148
194,241 194,243 194,245 194,247 194,248 194,250
194,380 194,382 194,384 194,385 194,387 194,389 194,391 194,392 194,394 194,396 194,398
196,240 196,241 196,243 196,245 196,247 196,248 196,250
196,382 196,384 196,385 196,387 196,389 196,391 196,392 196,394 196,396 196,398
196,469 196,470 196,472 196,474 196,476
201,349 201,351 201,352 201,354 201,356 201,358 201,359
201,389 201,391 201,392 201,394 201,396 201,398 201,399 201,401 201,403 201,405
203,16 203,17 203,19 203,21 203,23 203,24 203,26 203,28 203,30 203,31 203,33 203,35 203,36 203,38 203,40 203,42 203,43 203,45 203,47 203,49 203,50 203,52
203,349 203,351 203,352 203,354 203,356 203,358
203,391 203,392 203,394 203,396 203,398 203,399 203,401 203,403 203,405 203,406
208,16 208,17 208,19 208,21 208,23 208,24 208,26 208,28 208,30 208,31 208,33 208,35 208,36 208,38 208,40 208,42 208,43 208,45
208,229 208,231 208,233 208,234
208,302 208,304 208,307
208,326 208,328 208,330 208,332 208,333 208,335 208,337 208,339 208,340 208,342 208,344 208,345 208,347 208,349 208,351 208,352 208,354 208,356 208,358 208,359 208,361 208,363 208,365 208,366
208,396 208,398 208,399
208,405 208,406 208,408 208,410 208,411 208,413
208,431 208,432 208,434
210,9 210,10 210,12 210,14 210,16 210,17 210,19 210,21 210,23 210,24 210,26 210,28 210,30 210,31 210,33 210,35 210,36 210,38 210,40 210,42 210,43 210,45 210,47
210,54 210,56 210,57 210,59 210,61 210,62 210,64 210,66 210,68 210,69 210,71 210,73 210,75 210,76 210,78 210,80 210,82 210,83 210,85 210,87 210,89 210,90 210,92 210,94 210,95 210,97 210,99 210,101 210,102 210,104 210,106 210,108 210,109 210,111 210,113 210,115 210,116 210,118 210,120 210,122 210,123 210,125 210,127 210,128 210,130 210,132 210,134 210,135 210,137 210,139 210,141 210,142 210,144 210,146 210,148
210,328 210,330 210,332 210,333 210,335 210,337 210,339 210,340 210,342 210,344 210,345 210,347 210,349 210,351 210,352 210,354 210,356 210,358 210,359 210,361 210,363 210,365
210,405 210,406 210,408 210,410 210,411 210,413 210,415
217,40 217,42 217,43 217,45 217,47
217,69 217,71 217,73 217,75 217,76 217,78 217,80 217,82 217,83 217,85 217,87 217,89 217,90 217,92 217,94 217,95 217,97 217,99 217,101 217,102 217,104 217,106 217,108 217,109 217,111 217,113 217,115 217,116 217,118
217,149 217,151 217,153 217,155 217,158 217,160 217,161 217,163
217,328 217,330 217,332 217,333 217,335 217,337 217,339 217,340 217,342 217,344 217,345 217,347 217,349 217,351 217,352 217,354 217,356 217,358 217,359 217,361 217,363 217,365
219,21 219,23 219,24
219,40 219,42 219,43 219,45 219,47
219,68 219,69 219,71 219,73 219,75 219,76 219,78 219,80 219,82 219,83 219,85 219,87 219,89 219,90 219,92 219,94 219,95 219,97 219,99 219,101 219,102 219,104 219,106 219,108 219,109 219,111 219,113 219,115 219,116 219,118
219,132 219,134 219,135 219,137
219,149 219,151 219,153 219,155 219,156 219,158 219,161 219,163
219,326 219,328 219,330 219,332 219,333 219,335 219,337 219,339 219,340 219,342 219,344 219,345 219,347 219,349 219,351 219,352 219,354 219,356 219,358 219,359 219,361 219,363 219,365 219,366
219,373 219,375 219,377 219,378 219,380 219,382
224,9 224,10 224,12 224,14 224,16 224,17 224,19 224,21 224,23 224,24 224,26 224,28 224,30
224,45 224,47 224,49 224,50 224,52
224,247 224,248 224,250
224,349 224,351 224,352 224,354 224,356 224,358
224,380 224,382 224,384 224,385 224,387 224,389
226,0 226,2 226,3 226,5 226,7 226,9 226,10 226,12 226,14 226,16 226,17 226,19 226,21 226,23 226,24 226,26 226,28 226,30 226,31
226,47 226,49 226,50 226,52 226,54
226,351 226,352 226,354 226,356 226,358 226,359
226,380 226,382 226,384 226,385 226,387 226,389 226,391
226,420 226,422 226,425
226,477 226,479 226,481 226,483
233,288 233,290 233,292 233,295 233,297
233,380 233,382 233,384 233,385 233,387 233,389 233,391 233,392 233,394 233,396
233,410 233,413 233,415
234,35 234,38 234,40
234,286 234,288 234,290 234,292 234,293 234,295 234,297 234,299 234,300 234,302 234,304
234,326 234,328 234,330 234,332 234,333
234,337 234,339 234,340 234,342 234,344
234,382 234,384 234,385 234,387 234,389 234,391 234,392 234,394 234,396 234,398
240,281 240,283 240,285 240,286 240,288
240,297 240,299 240,300 240,302 240,304 240,306 240,307 240,309 240,311 240,312 240,314 240,316 240,318 240,319 240,321 240,323 240,325 240,326 240,328 240,330 240,332 240,333
240,342 240,344 240,345 240,347 240,349
240,389 240,391 240,392 240,394 240,396 240,398 240,399 240,401 240,403 240,405
241,281 241,283 241,285 241,286
241,295 241,297 241,299 241,300 241,302 241,304 241,306 241,307 241,309 241,311 241,312 241,314 241,316 241,318 241,319 241,321 241,323 241,325 241,326 241,328 241,330 241,332 241,333 241,335
241,344 241,345 241,347 241,349
241,391 241,392 241,394 241,396 241,398 241,399 241,401 241,403 241,405 241,406
255,281 255,283 255,285 255,286 255,288
255,295 255,297 255,299 255,300 255,302 255,304 255,306 255,307 255,309 255,311 255,312 255,314 255,316 255,318 255,319 255,321 255,323 255,325 255,326 255,328 255,330 255,332 255,333 255,335
255,342 255,344 255,345 255,347 255,349 255,351
255,391 255,392 255,394 255,396 255,398 255,399 255,401 255,403 255,405 255,406
257,283 257,285 257,286 257,288
257,297 257,299 257,300 257,302 257,304 257,306 257,307 257,309 257,311 257,312 257,314 257,316 257,318 257,319 257,321 257,323 257,325 257,326 257,328 257,330 257,332 257,333
257,342 257,344 257,345 257,347 257,349
257,389 257,391 257,392 257,394 257,396 257,398 257,399 257,401 257,403 257,405
264,35 264,38 264,40
264,286 264,288 264,290 264,292 264,293 264,295 264,297
264,326 264,328 264,330 264,333
264,339 264,340 264,342 264,344
264,382 264,384 264,385 264,387 264,389 264,391 264,392 264,394 264,396 264,398
266,288 266,290 266,292 266,293 266,295 266,297 266,299 266,300 266,302
266,328 266,330 266,332 266,333 266,335
266,339 266,340 266,342
266,380 266,382 266,384 266,385 266,387 266,389 266,391 266,392 266,394 266,396
266,405 266,406 266,408 266,410 266,413 266,415
271,0 271,2 271,3 271,5 271,7 271,9 271,10 271,12 271,14 271,16 271,17 271,19 271,21 271,23 271,24 271,26 271,28 271,30 271,31
271,47 271,49 271,50 271,52 271,54
271,351 271,352 271,354 271,356 271,358 271,359
271,380 271,382 271,384 271,385 271,387 271,389 271,391
271,420 271,422 271,424 271,425
271,477 271,479 271,481 271,483
273,9 273,10 273,12 273,14 273,16 273,17 273,19 273,21 273,23 273,24 273,26 273,28 273,30
273,45 273,47 273,49 273,50 273,52
273,349 273,351 273,352 273,354 273,356 273,358
273,380 273,382 273,384 273,385 273,387 273,389
280,21 280,23 280,24
280,40 280,42 280,43 280,45 280,47
280,68 280,69 280,71 280,73 280,75 280,76 280,78 280,80 280,82 280,83 280,85 280,87 280,89 280,90 280,92 280,94 280,95 280,97 280,99 280,101 280,102 280,104 280,106 280,108 280,109 280,111 280,113 280,115 280,116 280,118
280,151 280,153 280,155 280,156
280,326 280,328 280,330 280,332 280,333 280,335 280,337 280,339 280,340 280,342 280,344 280,345 280,347 280,349 280,351 280,352 280,354 280,356 280,358 280,359 280,361 280,363 280,365 280,366
280,373 280,375 280,377 280,380 280,382
281,40 281,42 281,43 281,45 281,47
281,69 281,71 281,73 281,75 281,76 281,78 281,80 281,82 281,83 281,85 281,87 281,89 281,90 281,92 281,94 281,95 281,97 281,99 281,101 281,102 281,104 281,106 281,108 281,109 281,111 281,113 281,115 281,116 281,118 281,120 281,122
281,134 281,135 281,137
281,148 281,149 281,151 281,153 281,155 281,158 281,160 281,161 281,163
281,231 281,233 281,234
281,328 281,330 281,332 281,333 281,335 281,337 281,339 281,340 281,342 281,344 281,345 281,347 281,349 281,351 281,352 281,354 281,356 281,358 281,359 281,361 281,363 281,365
281,377 281,378 281,380
286,9 286,10 286,12 286,14 286,16 286,17 286,19 286,21 286,23 286,24 286,26 286,28 286,30 286,31 286,33 286,35 286,36 286,38 286,40 286,42 286,43 286,45 286,47
286,54 286,56 286,57 286,59 286,61 286,62 286,64 286,66 286,68 286,69 286,71 286,73 286,75 286,76 286,78 286,80 286,82 286,83 286,85 286,87 286,89 286,90 286,92 286,94 286,95 286,97 286,99 286,101 286,102 286,104 286,106 286,108 286,109 286,111 286,113 286,115 286,116 286,118 286,120 286,122 286,123 286,125 286,127 286,128 286,130 286,132 286,134 286,135 286,137 286,139 286,141 286,142 286,144 286,146 286,148
286,224 286,226 286,227 286,229 286,231 286,233 286,234
286,326 286,328 286,330 286,332 286,333 286,335 286,337 286,339 286,340 286,342 286,344 286,345 286,347 286,349 286,351 286,352 286,354 286,356 286,358 286,359 286,361 286,363 286,365
286,403 286,405 286,406 286,408 286,410 286,411 286,413 286,415
288,16 288,17 288,19 288,21 288,23 288,24 288,26 288,28 288,30 288,31 288,33 288,35 288,36 288,38 288,40 288,42 288,43 288,45
288,326 288,328 288,330 288,332 288,333 288,335 288,337 288,339 288,340 288,342 288,344 288,345 288,347 288,349 288,351 288,352 288,354 288,356 288,358 288,359 288,361 288,363 288,365 288,366
288,405 288,406 288,408 288,410 288,411 288,413
295,16 295,17 295,19 295,21 295,23 295,24 295,26 295,28 295,30 295,31 295,33 295,35 295,36 295,38 295,40 295,42 295,43 295,45 295,47 295,49 295,50 295,52
295,349 295,351 295,352 295,354 295,356 295,358
295,391 295,392 295,394 295,396 295,398 295,399 295,401 295,403 295,405 295,406
297,234 297,236 297,238 297,240 297,241
297,349 297,351 297,352 297,354 297,356 297,358 297,359
297,389 297,391 297,392 297,394 297,396 297,398 297,399 297,401 297,403 297,405
302,240 302,241 302,243 302,245 302,247 302,248 302,250
302,382 302,384 302,385 302,387 302,389 302,391 302,392 302,394 302,396 302,398
302,469 302,470 302,472 302,474 302,476
304,31 304,33 304,35 304,36 304,38 304,40 304,42 304,43 304,45 304,47 304,49 304,50 304,52 304,54 304,56 304,57 304,59 304,61 304,62 304,64 304,66 304,68 304,69 304,71 304,73 304,75 304,76 304,78 304,80 304,82 304,83 304,85 304,87 304,89 304,90 304,92 304,94 304,95 304,97 304,99 304,101 304,102 304,104 304,106 304,108 304,109 304,111 304,113 304,115 304,116 304,118 304,120 304,122 304,123 304,125 304,127 304,128 304,130 304,132 304,134 304,135 304,137 304,139 304,141 304,142 304,144 304,146 304,148
304,241 304,243 304,245 304,247 304,248 304,250
304,380 304,382 304,384 304,385 304,387 304,389 304,391 304,392 304,394 304,396 304,398
311,69 311,71 311,73 311,75 311,76 311,78
311,99 311,101 311,102 311,104 311,106 311,108
311,116 311,118 311,120 311,122 311,123 311,125 311,127 311,128 311,130 311,132 311,134 311,135 311,137 311,139 311,141 311,142 311,144 311,146 311,148 311,149 311,151 311,153 311,155 311,156 311,158 311,160 311,161 311,163 311,165 311,167 311,168 311,170 311,172 311,174 311,175 311,177 311,179 311,181 311,182 311,184 311,186 311,188 311,189 311,191 311,193 311,194 311,196 311,198 311,200 311,201 311,203 311,205 311,207 311,208 311,210 311,212 311,214 311,215 311,217
311,248 311,250 311,252 311,253 311,255 311,257
311,375 311,377 311,378 311,380 311,382 311,384 311,385 311,387 311,389 311,391
312,68 312,69 312,71 312,73 312,75 312,76 312,78 312,80 312,82 312,83
312,90 312,92 312,94 312,97 312,99 312,101 312,102 312,104 312,106 312,108 312,109 312,111 312,113 312,115 312,116 312,118 312,120 312,122 312,123 312,125 312,127 312,128 312,130 312,132 312,134 312,135 312,137 312,139 312,141 312,142 312,144 312,146 312,148 312,149 312,151 312,153 312,155 312,156 312,158 312,160 312,161 312,163 312,165 312,167 312,168 312,170 312,172 312,174 312,175 312,177 312,179 312,181 312,182 312,184 312,186 312,188 312,189 312,191 312,193 312,194 312,196 312,198 312,200 312,201 312,203 312,205 312,207 312,208 312,210 312,212 312,214 312,215 312,217 312,219
312,250 312,252 312,253 312,255 312,257
312,373 312,375 312,377 312,378 312,380 312,382 312,384 312,385 312,387 312,389
312,422 312,424 312,427
318,217 318,219 318,220 318,222 318,224
318,255 318,257 318,259 318,260 318,262 318,264 318,266 318,267 318,269 318,271 318,273 318,274 318,276 318,278 318,280 318,281 318,283 318,285 318,286 318,288 318,290 318,292 318,293 318,295 318,297 318,299 318,300 318,302 318,304 318,306 318,307 318,309 318,311 318,312 318,314 318,316 318,318 318,319 318,321 318,323 318,325 318,326 318,328 318,330 318,332 318,333 318,335 318,337 318,339 318,340 318,342 318,344 318,345 318,347 318,349 318,351 318,352 318,354 318,356 318,358 318,359 318,361 318,363 318,365 318,366
318,373 318,375 318,377 318,378 318,380 318,382
319,219 319,220 319,222 319,224 319,226
319,257 319,259 319,260 319,262 319,264 319,266 319,267 319,269 319,271 319,273 319,274 319,276 319,278 319,280 319,281 319,283 319,285 319,286 319,288 319,290 319,292 319,293 319,295 319,297 319,299 319,300 319,302 319,304 319,306 319,307 319,309 319,311 319,312 319,314 319,316 319,318 319,319 319,321 319,323 319,325 319,326 319,328 319,330 319,332 319,333 319,335 319,337 319,339 319,340 319,342 319,344 319,345 319,347 319,349 319,351 319,352 319,354 319,356 319,358 319,359 319,361 319,363 319,365
319,375 319,377 319,378 319,380
326,224 326,226 326,227 326,229 326,231 326,233
326,288 326,290 326,292 326,293 326,295 326,297 326,299 326,300 326,302 326,304 326,306 326,307 326,309 326,311 326,312 326,314 326,316 326,318 326,319 326,321 326,323 326,325 326,326 326,328 326,330 326,332 326,333 326,335 326,337 326,339 326,342
326,462 326,464 326,465 326,467
328,226 328,227 328,229 328,231 328,233 328,234
328,286 328,288 328,290 328,292 328,293 328,295 328,297 328,299 328,300 328,302 328,304 328,306 328,307 328,309 328,311 328,312 328,314 328,316 328,318 328,319 328,321 328,323 328,325 328,326 328,328 328,330 328,332 328,333 328,335 328,337 328,339 328,340 328,342 328,344
328,420 328,422 328,424 328,427
333,31 333,33 333,35 333,36 333,38
333,68 333,69 333,71 333,73 333,75 333,76 333,78 333,80 333,82 333,83
333,92 333,94 333,95 333,97 333,99 333,101 333,102
333,106 333,108 333,109 333,111 333,113 333,115 333,116 333,118 333,120 333,122 333,123 333,125 333,127 333,128 333,130 333,132 333,134 333,135 333,137 333,139 333,141 333,142 333,144 333,146 333,148 333,149 333,151 333,153 333,155 333,156 333,158 333,160 333,161 333,163 333,165 333,167 333,168 333,170 333,172 333,174 333,175 333,177 333,179 333,181 333,182 333,184 333,186 333,188 333,189 333,191 333,193 333,194 333,196 333,198 333,200 333,201 333,203 333,205 333,207 333,208 333,210 333,212 333,214 333,215 333,217 333,219 333,220 333,222 333,224 333,226 333,227 333,229 333,231 333,233 333,234
333,286 333,288 333,290 333,292 333,293 333,295 333,297 333,299 333,300 333,302 333,304 333,306
333,326 333,328 333,330 333,332 333,333 333,335 333,337 333,339 333,340 333,342 333,344
335,69 335,71 335,73 335,75 335,76 335,78
335,94 335,95 335,97 335,99 335,101 335,102
335,108 335,109 335,111 335,113 335,115 335,116 335,118 335,120 335,122 335,123 335,125 335,127 335,128 335,130 335,132 335,134 335,135 335,137 335,139 335,141 335,142 335,144 335,146 335,148 335,149 335,151 335,153 335,155 335,156 335,158 335,160 335,161 335,163 335,165 335,167 335,168 335,170 335,172 335,174 335,175 335,177 335,179 335,181 335,182 335,184 335,186 335,188 335,189 335,191 335,193 335,194 335,196 335,198 335,200 335,201 335,203 335,205 335,207 335,208 335,210 335,212 335,214 335,215 335,217 335,219 335,220 335,222 335,224 335,226 335,227 335,229 335,231 335,233
335,288 335,290 335,292 335,293 335,295 335,297 335,299 335,300 335,302 335,304
335,326 335,328 335,330 335,332 335,333 335,335 335,337 335,339 335,340 335,342
342,123 342,125 342,127 342,128 342,130 342,132 342,134 342,137 342,139 342,141 342,142 342,144 342,146 342,148 342,149 342,151 342,153 342,155 342,156 342,158 342,160 342,161 342,163 342,165 342,167 342,168 342,170 342,172 342,174 342,175 342,177 342,179 342,181 342,182 342,184 342,186 342,188 342,189 342,191 342,193 342,194 342,196 342,198 342,200 342,201 342,203 342,205 342,207 342,208 342,210 342,212 342,214 342,215 342,217 342,219 342,220 342,222 342,224 342,226 342,227 342,229 342,231 342,233 342,234 342,236 342,238 342,240
342,302 342,304 342,306 342,307 342,309 342,311 342,312 342,314 342,316 342,318 342,319 342,321 342,323 342,325 342,326 342,328
344,94 344,95 344,97 344,99 344,101 344,102 344,104 344,106 344,108
344,123 344,125 344,127 344,128
344,134 344,135 344,137 344,139 344,141 344,142 344,144 344,146 344,148 344,149 344,151 344,153 344,155 344,156 344,158 344,160 344,161 344,163 344,165 344,167 344,168 344,170 344,172 344,174 344,175 344,177 344,179 344,181 344,182 344,184 344,186 344,188 344,189 344,191 344,193 344,194 344,196 344,198 344,200 344,201 344,203 344,205 344,207 344,208 344,210 344,212 344,214 344,215 344,217 344,219 344,220 344,222 344,224 344,226 344,227 344,229 344,231 344,233 344,234 344,236 344,238 344,240 344,241
344,302 344,304 344,306 344,307 344,309 344,311 344,312 344,314 344,316 344,318 344,319 344,321 344,323 344,325 344,326 344,328
349,40 349,42 349,43 349,45
349,240 349,241 349,243 349,245 349,247 349,248 349,250 349,252 349,253 349,255
349,453 349,455 349,457 349,458 349,460
351,240 351,241 351,243 351,245 351,247 351,248 351,250 351,252 351,253 351,255 351,257
358,255 358,257 358,259 358,260 358,262 358,264 358,266
359,257 359,259 359,260 359,262 359,264 359,266
365,47 365,49 365,50 365,52
365,83 365,85 365,87 365,89 365,90 365,92 365,94 365,95 365,97 365,99 365,101
365,123 365,125 365,127 365,128 365,130 365,132 365,134 365,135 365,137 365,139 365,141 365,142 365,144 365,146 365,148 365,149 365,151 365,153 365,155 365,156 365,158 365,160 365,161 365,163 365,165 365,167 365,168 365,170 365,172 365,174 365,175 365,177 365,179 365,181 365,182 365,184 365,186 365,188 365,189 365,191 365,193 365,194 365,196 365,198 365,200 365,201 365,203 365,205 365,207 365,208 365,210 365,212 365,214 365,215 365,217 365,219 365,220 365,222 365,224 365,226 365,227 365,229 365,231 365,233 365,234 365,236 365,238 365,240 365,241 365,243 365,245 365,247 365,248 365,250 365,252 365,253 365,255 365,257 365,259 365,260 365,262 365,264 365,266
365,446 365,448 365,450 365,451
366,85 366,87 366,89 366,90 366,92 366,94 366,95 366,97 366,99
366,128 366,130 366,132 366,134 366,135 366,137 366,139 366,141 366,142 366,144 366,146 366,148 366,149 366,151 366,153 366,155 366,156 366,158 366,160 366,161 366,163 366,165 366,167 366,168 366,170 366,172 366,174 366,175 366,177 366,179 366,181 366,182 366,184 366,186 366,188 366,189 366,191 366,193 366,194 366,196 366,198 366,200 366,201 366,203 366,205 366,207 366,208 366,210 366,212 366,214 366,215 366,217 366,219 366,220 366,222 366,224 366,226 366,227 366,229 366,231 366,233 366,234 366,236 366,238 366,240 366,241 366,243 366,245 366,247 366,248 366,250 366,252 366,253 366,255 366,257 366,259 366,260 366,262 366,264
373,134 373,135 373,137
373,156 373,158 373,161 373,163
373,191 373,194 373,196 373,198 373,200 373,201 373,203
373,208 373,210 373,212 373,214 373,215 373,217 373,219 373,220 373,222 373,224 373,226 373,227 373,229 373,231 373,233 373,234 373,236 373,238 373,240 373,241 373,243 373,245 373,247 373,248 373,250 373,252 373,253 373,255 373,257 373,259 373,260 373,262 373,264 373,266 373,267 373,269 373,271
375,134 375,135 375,137 375,139
375,148 375,149 375,151 375,153 375,155 375,156 375,158 375,160 375,161 375,163
375,170 375,172 375,175
375,179 375,181 375,182
375,191 375,193 375,194 375,196 375,198 375,200 375,201 375,203
375,208 375,210 375,212 375,214 375,215 375,217 375,219 375,220 375,222 375,224 375,226 375,227 375,229 375,231 375,233 375,234 375,236 375,238 375,240 375,241 375,243 375,245 375,247 375,248 375,250 375,252 375,253 375,255 375,257 375,259 375,260 375,262 375,264 375,266 375,267 375,269 375,271 375,273
380,54 380,56 380,57 380,59 380,61
380,118 380,120 380,123
380,262 380,264 380,266 380,267 380,269 380,271 380,273 380,274 380,276 380,278 380,280 380,281 380,283 380,285 380,286
380,438 380,439 380,441 380,443 380,444
382,264 382,266 382,267 382,269 382,271 382,273 382,274 382,276 382,278 382,280 382,281 382,283 382,285 382,286 382,288
389,62 389,64 389,66 389,68
389,286 389,288 389,290 389,292 389,293 389,295
389,431 389,432 389,434 389,436
391,288 391,290 391,292 391,293 391,295 391,297
396,69 396,71 396,73 396,75 396,76
396,148 396,149 396,151 396,153 396,155 396,156
396,175 396,177 396,179 396,181 396,182 396,184 396,186 396,188 396,189 396,191 396,193 396,194 396,196 396,198 396,200 396,201 396,203 396,205 396,207 396,208 396,210 396,212 396,214 396,215 396,217 396,219 396,220 396,222 396,224 396,226 396,227 396,229 396,231 396,233 396,234 396,236 396,238 396,240 396,241 396,243 396,245 396,247 396,248 396,250 396,252 396,253 396,255 396,257 396,259 396,260 396,262 396,264 396,266 396,267 396,269 396,271 396,273 396,274 396,276 396,278 396,280 396,281 396,283 396,285 396,286 396,288 396,290 396,292 396,293 396,295 396,297
396,375 396,377 396,378 396,380
396,391 396,392 396,394 396,396 396,398
396,422 396,424 396,425 396,427 396,429
398,149 398,151 398,153 398,155
398,179 398,181 398,182 398,184 398,186 398,188 398,189 398,191 398,193 398,194 398,196 398,198 398,200 398,201 398,203 398,205 398,207 398,208 398,210 398,212 398,214 398,215 398,217 398,219 398,220 398,222 398,224 398,226 398,227 398,229 398,231 398,233 398,234 398,236 398,238 398,240 398,241 398,243 398,245 398,247 398,248 398,250 398,252 398,253 398,255 398,257 398,259 398,260 398,262 398,264 398,266 398,267 398,269 398,271 398,273 398,274 398,276 398,278 398,280 398,281 398,283 398,285 398,286 398,288 398,290 398,292 398,293 398,295
398,373 398,375 398,377 398,378 398,380 398,382
398,389 398,391 398,392 398,394 398,396
405,78 405,80 405,82 405,83
405,208 405,210 405,212 405,214
405,231 405,233 405,234 405,236 405,238 405,240
405,245 405,247 405,248 405,250 405,252 405,253 405,255 405,257 405,259 405,260 405,262 405,264 405,266 405,267 405,269 405,271 405,273 405,274 405,276 405,278 405,280 405,281 405,283 405,285 405,286 405,288 405,290 405,292 405,293 405,295 405,297 405,299 405,300 405,302
405,318 405,319 405,321 405,323 405,325 405,326 405,328 405,330 405,332 405,333 405,335 405,337 405,339 405,340 405,342 405,344 405,345 405,347 405,349 405,351 405,352 405,354 405,356 405,358 405,359 405,361 405,363 405,365 405,366 405,368 405,370 405,372 405,373 405,375 405,377 405,378 405,380 405,382 405,384 405,385 405,387 405,389 405,391 405,392 405,394 405,396 405,398 405,399 405,401 405,403 405,405 405,406
405,415 405,417 405,418 405,420
406,231 406,233 406,234 406,236 406,238 406,240 406,241
406,245 406,247 406,248 406,250 406,252 406,253 406,255 406,257 406,259 406,260 406,262 406,264 406,266 406,267 406,269 406,271 406,273 406,274 406,276 406,278 406,280 406,281 406,283 406,285 406,286 406,288 406,290 406,292 406,293 406,295 406,297 406,299 406,300 406,302 406,304
406,319 406,321 406,323 406,325 406,326 406,328 406,330 406,332 406,333 406,335 406,337 406,339 406,340 406,342 406,344 406,345 406,347 406,349 406,351 406,352 406,354 406,356 406,358 406,359 406,361 406,363 406,365 406,366 406,368 406,370 406,372 406,373 406,375 406,377 406,378 406,380 406,382 406,384 406,385 406,387 406,389 406,391 406,392 406,394 406,396 406,398 406,399 406,401 406,403 406,405
413,85 413,87 413,89 413,90 413,92
413,302 413,304 413,306 413,307 413,309 413,311 413,312 413,314 413,316 413,318
413,328 413,330 413,332 413,333 413,335 413,337 413,339 413,340 413,342 413,344 413,345 413,347 413,349 413,351 413,352 413,354 413,356 413,358 413,359 413,361 413,363 413,365 413,366 413,368 413,370 413,372 413,373 413,375 413,377 413,378 413,380 413,382 413,384 413,385 413,387 413,389 413,391 413,392 413,394 413,396 413,398 413,399 413,401 413,403 413,405 413,406 413,408 413,410 413,411 413,413
415,304 415,306 415,307 415,309 415,311 415,312 415,314 415,316 415,318 415,319
420,94 420,95 420,97 420,99
420,318 420,319 420,321 420,323 420,325 420,326
422,319 422,321 422,323 422,325 422,326 422,328 422,330 422,332 422,333
429,101 429,102 429,104 429,106 429,108
429,160 429,161 429,163 429,165 429,167 429,168 429,170 429,172 429,174 429,175 429,177 429,179 429,181 429,182 429,184 429,186 429,188 429,191 429,193 429,194 429,196 429,198 429,200 429,201 429,203 429,205 429,207 429,208 429,210 429,212 429,214 429,215 429,217 429,219 429,220 429,222 429,224 429,226 429,227 429,229 429,231 429,233 429,234 429,236 429,238 429,240 429,241 429,243 429,245 429,247 429,248 429,250 429,252 429,253 429,255 429,257 429,259 429,260 429,262 429,264 429,266 429,267 429,269 429,271 429,273 429,274 429,276 429,278 429,280 429,281 429,283 429,285 429,286 429,288 429,290 429,292 429,293 429,295 429,297 429,299 429,300 429,302 429,304 429,306 429,307 429,309 429,311 429,312 429,314 429,316 429,318 429,319 429,321 429,323 429,325 429,326 429,328
431,155 431,156 431,158 431,160 431,161 431,163 431,165 431,167 431,168 431,170 431,172 431,174 431,175 431,177 431,179 431,181 431,182 431,184 431,186
431,191 431,193 431,194 431,196 431,198 431,200 431,201 431,203 431,205 431,207 431,208 431,210 431,212 431,214 431,215 431,217 431,219 431,220 431,222 431,224 431,226 431,227 431,229 431,231 431,233 431,234 431,236 431,238 431,240 431,241 431,243 431,245 431,247 431,248 431,250 431,252 431,253 431,255 431,257 431,259 431,260 431,262 431,264 431,266 431,267 431,269 431,271 431,273 431,274 431,276 431,278 431,280 431,281 431,283 431,285 431,286 431,288 431,290 431,292 431,293 431,295 431,297 431,299 431,300 431,302 431,304 431,306 431,307 431,309 431,311 431,312 431,314 431,316 431,318 431,319 431,321 431,323 431,325 431,326
436,109 436,111 436,113 436,115 436,116
438,335 438,337 438,339 438,340 438,342 438,344 438,345 438,347 438,349
444,118 444,120 444,122 444,123 444,125 444,127 444,128 444,130 444,132
446,240 446,241 446,243
446,351 446,352 446,354 446,356 446,358
451,134 451,135 451,137 451,139 451,141 451,142 451,144 451,146 451,148
451,278 451,280 451,281 451,283 451,285 451,286 451,288
453,359 453,361 453,363 453,365
460,149 460,151 460,153 460,155 460,156 460,158 460,160 460,161 460,163 460,165 460,167 460,168 460,170
460,234 460,236 460,238 460,240 460,241
462,234 462,236 462,238 462,240
467,172 467,174 467,175 467,177 467,179 467,181 467,182 467,184 467,186 467,188 467,189 467,191 467,193 467,194 467,196
467,359 467,361 467,363 467,365
476,196 476,198 476,200 476,201 476,203 476,205 476,207 476,208 476,210 476,212 476,214 476,215 476,217 476,219 476,220 476,222 476,224
476,351 476,352 476,354 476,356 476,358
483,226 483,227 483,229 483,231 483,233 483,234 483,236 483,238 483,240 483,241 483,243 483,245 483,247 483,248 483,250 483,252 483,253 483,255 483,257 483,259 483,260 483,262 483,264 483,266 483,267 483,269 483,271 483,273 483,274 483,276 483,278 483,280 483,281 483,283 483,285 483,286 483,288 483,290 483,292 483,293 483,295 483,297 483,299 483,300 483,302 483,304 483,306 483,307 483,309 483,311 483,312 483,314 483,316 483,318 483,319 483,321 483,323 483,325 483,326 483,328 483,330 483,332 483,333 483,335 483,337 483,339 483,340 483,342 483,344 483,345 483,347 483,349
